Gene	Exon	Pos_IMGT	Pos_1000G
HLA-A	2	1	29910534
HLA-A	2	2	29910535
HLA-A	2	3	29910536
HLA-A	2	4	29910537
HLA-A	2	5	29910538
HLA-A	2	6	29910539
HLA-A	2	7	29910540
HLA-A	2	8	29910541
HLA-A	2	9	29910542
HLA-A	2	10	29910543
HLA-A	2	11	29910544
HLA-A	2	12	29910545
HLA-A	2	13	29910546
HLA-A	2	14	29910547
HLA-A	2	15	29910548
HLA-A	2	16	29910549
HLA-A	2	17	29910550
HLA-A	2	18	29910551
HLA-A	2	19	29910552
HLA-A	2	20	29910553
HLA-A	2	21	29910554
HLA-A	2	22	29910555
HLA-A	2	23	29910556
HLA-A	2	24	29910557
HLA-A	2	25	29910558
HLA-A	2	26	29910559
HLA-A	2	27	29910560
HLA-A	2	28	29910561
HLA-A	2	29	29910562
HLA-A	2	30	29910563
HLA-A	2	31	29910564
HLA-A	2	32	29910565
HLA-A	2	33	29910566
HLA-A	2	34	29910567
HLA-A	2	35	29910568
HLA-A	2	36	29910569
HLA-A	2	37	29910570
HLA-A	2	38	29910571
HLA-A	2	39	29910572
HLA-A	2	40	29910573
HLA-A	2	41	29910574
HLA-A	2	42	29910575
HLA-A	2	43	29910576
HLA-A	2	44	29910577
HLA-A	2	45	29910578
HLA-A	2	46	29910579
HLA-A	2	47	29910580
HLA-A	2	48	29910581
HLA-A	2	49	29910582
HLA-A	2	50	29910583
HLA-A	2	51	29910584
HLA-A	2	52	29910585
HLA-A	2	53	29910586
HLA-A	2	54	29910587
HLA-A	2	55	29910588
HLA-A	2	56	29910589
HLA-A	2	57	29910590
HLA-A	2	58	29910591
HLA-A	2	59	29910592
HLA-A	2	60	29910593
HLA-A	2	61	29910594
HLA-A	2	62	29910595
HLA-A	2	63	29910596
HLA-A	2	64	29910597
HLA-A	2	65	29910598
HLA-A	2	66	29910599
HLA-A	2	67	29910600
HLA-A	2	68	29910601
HLA-A	2	69	29910602
HLA-A	2	70	29910603
HLA-A	2	71	29910604
HLA-A	2	72	29910605
HLA-A	2	73	29910606
HLA-A	2	74	29910607
HLA-A	2	75	29910608
HLA-A	2	76	29910609
HLA-A	2	77	29910610
HLA-A	2	78	29910611
HLA-A	2	79	29910612
HLA-A	2	80	29910613
HLA-A	2	81	29910614
HLA-A	2	82	29910615
HLA-A	2	83	29910616
HLA-A	2	84	29910617
HLA-A	2	85	29910618
HLA-A	2	86	29910619
HLA-A	2	87	29910620
HLA-A	2	88	29910621
HLA-A	2	89	29910622
HLA-A	2	90	29910623
HLA-A	2	91	29910624
HLA-A	2	92	29910625
HLA-A	2	93	29910626
HLA-A	2	94	29910627
HLA-A	2	95	29910628
HLA-A	2	96	29910629
HLA-A	2	97	29910630
HLA-A	2	98	29910631
HLA-A	2	99	29910632
HLA-A	2	100	29910633
HLA-A	2	101	29910634
HLA-A	2	102	29910635
HLA-A	2	103	29910636
HLA-A	2	104	29910637
HLA-A	2	105	29910638
HLA-A	2	106	29910639
HLA-A	2	107	29910640
HLA-A	2	108	29910641
HLA-A	2	109	29910642
HLA-A	2	110	29910643
HLA-A	2	111	29910644
HLA-A	2	112	29910645
HLA-A	2	113	29910646
HLA-A	2	114	29910647
HLA-A	2	115	29910648
HLA-A	2	116	29910649
HLA-A	2	117	29910650
HLA-A	2	118	29910651
HLA-A	2	119	29910652
HLA-A	2	120	29910653
HLA-A	2	121	29910654
HLA-A	2	122	29910655
HLA-A	2	123	29910656
HLA-A	2	124	29910657
HLA-A	2	125	29910658
HLA-A	2	126	29910659
HLA-A	2	127	29910660
HLA-A	2	128	29910661
HLA-A	2	129	29910662
HLA-A	2	130	29910663
HLA-A	2	131	29910664
HLA-A	2	132	29910665
HLA-A	2	133	29910666
HLA-A	2	134	29910667
HLA-A	2	135	29910668
HLA-A	2	136	29910669
HLA-A	2	137	29910670
HLA-A	2	138	29910671
HLA-A	2	139	29910672
HLA-A	2	140	29910673
HLA-A	2	141	29910674
HLA-A	2	142	29910675
HLA-A	2	143	29910676
HLA-A	2	144	29910677
HLA-A	2	145	29910678
HLA-A	2	146	29910679
HLA-A	2	147	29910680
HLA-A	2	148	29910681
HLA-A	2	149	29910682
HLA-A	2	150	29910683
HLA-A	2	151	29910684
HLA-A	2	152	29910685
HLA-A	2	153	29910686
HLA-A	2	154	29910687
HLA-A	2	155	29910688
HLA-A	2	156	29910689
HLA-A	2	157	29910690
HLA-A	2	158	29910691
HLA-A	2	159	29910692
HLA-A	2	160	29910693
HLA-A	2	161	29910694
HLA-A	2	162	29910695
HLA-A	2	163	29910696
HLA-A	2	164	29910697
HLA-A	2	165	29910698
HLA-A	2	166	29910699
HLA-A	2	167	29910700
HLA-A	2	168	29910701
HLA-A	2	169	29910702
HLA-A	2	170	29910703
HLA-A	2	171	29910704
HLA-A	2	172	29910705
HLA-A	2	173	29910706
HLA-A	2	174	29910707
HLA-A	2	175	29910708
HLA-A	2	176	29910709
HLA-A	2	177	29910710
HLA-A	2	178	29910711
HLA-A	2	179	29910712
HLA-A	2	180	29910713
HLA-A	2	181	29910714
HLA-A	2	182	29910715
HLA-A	2	183	29910716
HLA-A	2	184	29910717
HLA-A	2	185	29910718
HLA-A	2	186	29910719
HLA-A	2	187	29910720
HLA-A	2	188	29910721
HLA-A	2	189	29910722
HLA-A	2	190	29910723
HLA-A	2	191	29910724
HLA-A	2	192	29910725
HLA-A	2	193	29910726
HLA-A	2	194	29910727
HLA-A	2	195	29910728
HLA-A	2	196	29910729
HLA-A	2	197	29910730
HLA-A	2	198	29910731
HLA-A	2	199	29910732
HLA-A	2	200	29910733
HLA-A	2	201	29910734
HLA-A	2	202	29910735
HLA-A	2	203	29910736
HLA-A	2	204	29910737
HLA-A	2	205	29910738
HLA-A	2	206	29910739
HLA-A	2	207	29910740
HLA-A	2	208	29910741
HLA-A	2	209	29910742
HLA-A	2	210	29910743
HLA-A	2	211	29910744
HLA-A	2	212	29910745
HLA-A	2	213	29910746
HLA-A	2	214	29910747
HLA-A	2	215	29910748
HLA-A	2	216	29910749
HLA-A	2	217	29910750
HLA-A	2	218	29910751
HLA-A	2	219	29910752
HLA-A	2	220	29910753
HLA-A	2	221	29910754
HLA-A	2	222	29910755
HLA-A	2	223	29910756
HLA-A	2	224	29910757
HLA-A	2	225	29910758
HLA-A	2	226	29910759
HLA-A	2	227	29910760
HLA-A	2	228	29910761
HLA-A	2	229	29910762
HLA-A	2	230	29910763
HLA-A	2	231	29910764
HLA-A	2	232	29910765
HLA-A	2	233	29910766
HLA-A	2	234	29910767
HLA-A	2	235	29910768
HLA-A	2	236	29910769
HLA-A	2	237	29910770
HLA-A	2	238	29910771
HLA-A	2	239	29910772
HLA-A	2	240	29910773
HLA-A	2	241	29910774
HLA-A	2	242	29910775
HLA-A	2	243	29910776
HLA-A	2	244	29910777
HLA-A	2	245	29910778
HLA-A	2	246	29910779
HLA-A	2	247	29910780
HLA-A	2	248	29910781
HLA-A	2	249	29910782
HLA-A	2	250	29910783
HLA-A	2	251	29910784
HLA-A	2	252	29910785
HLA-A	2	253	29910786
HLA-A	2	254	29910787
HLA-A	2	255	29910788
HLA-A	2	256	29910789
HLA-A	2	257	29910790
HLA-A	2	258	29910791
HLA-A	2	259	29910792
HLA-A	2	260	29910793
HLA-A	2	261	29910794
HLA-A	2	262	29910795
HLA-A	2	263	29910796
HLA-A	2	264	29910797
HLA-A	2	265	29910798
HLA-A	2	266	29910799
HLA-A	2	267	29910800
HLA-A	2	268	29910801
HLA-A	2	269	29910802
HLA-A	2	270	29910803
HLA-A	3	271	29911045
HLA-A	3	272	29911046
HLA-A	3	273	29911047
HLA-A	3	274	29911048
HLA-A	3	275	29911049
HLA-A	3	276	29911050
HLA-A	3	277	29911051
HLA-A	3	278	29911052
HLA-A	3	279	29911053
HLA-A	3	280	29911054
HLA-A	3	281	29911055
HLA-A	3	282	29911056
HLA-A	3	283	29911057
HLA-A	3	284	29911058
HLA-A	3	285	29911059
HLA-A	3	286	29911060
HLA-A	3	287	29911061
HLA-A	3	288	29911062
HLA-A	3	289	29911063
HLA-A	3	290	29911064
HLA-A	3	291	29911065
HLA-A	3	292	29911066
HLA-A	3	293	29911067
HLA-A	3	294	29911068
HLA-A	3	295	29911069
HLA-A	3	296	29911070
HLA-A	3	297	29911071
HLA-A	3	298	29911072
HLA-A	3	299	29911073
HLA-A	3	300	29911074
HLA-A	3	301	29911075
HLA-A	3	302	29911076
HLA-A	3	303	29911077
HLA-A	3	304	29911078
HLA-A	3	305	29911079
HLA-A	3	306	29911080
HLA-A	3	307	29911081
HLA-A	3	308	29911082
HLA-A	3	309	29911083
HLA-A	3	310	29911084
HLA-A	3	311	29911085
HLA-A	3	312	29911086
HLA-A	3	313	29911087
HLA-A	3	314	29911088
HLA-A	3	315	29911089
HLA-A	3	316	29911090
HLA-A	3	317	29911091
HLA-A	3	318	29911092
HLA-A	3	319	29911093
HLA-A	3	320	29911094
HLA-A	3	321	29911095
HLA-A	3	322	29911096
HLA-A	3	323	29911097
HLA-A	3	324	29911098
HLA-A	3	325	29911099
HLA-A	3	326	29911100
HLA-A	3	327	29911101
HLA-A	3	328	29911102
HLA-A	3	329	29911103
HLA-A	3	330	29911104
HLA-A	3	331	29911105
HLA-A	3	332	29911106
HLA-A	3	333	29911107
HLA-A	3	334	29911108
HLA-A	3	335	29911109
HLA-A	3	336	29911110
HLA-A	3	337	29911111
HLA-A	3	338	29911112
HLA-A	3	339	29911113
HLA-A	3	340	29911114
HLA-A	3	341	29911115
HLA-A	3	342	29911116
HLA-A	3	343	29911117
HLA-A	3	344	29911118
HLA-A	3	345	29911119
HLA-A	3	346	29911120
HLA-A	3	347	29911121
HLA-A	3	348	29911122
HLA-A	3	349	29911123
HLA-A	3	350	29911124
HLA-A	3	351	29911125
HLA-A	3	352	29911126
HLA-A	3	353	29911127
HLA-A	3	354	29911128
HLA-A	3	355	29911129
HLA-A	3	356	29911130
HLA-A	3	357	29911131
HLA-A	3	358	29911132
HLA-A	3	359	29911133
HLA-A	3	360	29911134
HLA-A	3	361	29911135
HLA-A	3	362	29911136
HLA-A	3	363	29911137
HLA-A	3	364	29911138
HLA-A	3	365	29911139
HLA-A	3	366	29911140
HLA-A	3	367	29911141
HLA-A	3	368	29911142
HLA-A	3	369	29911143
HLA-A	3	370	29911144
HLA-A	3	371	29911145
HLA-A	3	372	29911146
HLA-A	3	373	29911147
HLA-A	3	374	29911148
HLA-A	3	375	29911149
HLA-A	3	376	29911150
HLA-A	3	377	29911151
HLA-A	3	378	29911152
HLA-A	3	379	29911153
HLA-A	3	380	29911154
HLA-A	3	381	29911155
HLA-A	3	382	29911156
HLA-A	3	383	29911157
HLA-A	3	384	29911158
HLA-A	3	385	29911159
HLA-A	3	386	29911160
HLA-A	3	387	29911161
HLA-A	3	388	29911162
HLA-A	3	389	29911163
HLA-A	3	390	29911164
HLA-A	3	391	29911165
HLA-A	3	392	29911166
HLA-A	3	393	29911167
HLA-A	3	394	29911168
HLA-A	3	395	29911169
HLA-A	3	396	29911170
HLA-A	3	397	29911171
HLA-A	3	398	29911172
HLA-A	3	399	29911173
HLA-A	3	400	29911174
HLA-A	3	401	29911175
HLA-A	3	402	29911176
HLA-A	3	403	29911177
HLA-A	3	404	29911178
HLA-A	3	405	29911179
HLA-A	3	406	29911180
HLA-A	3	407	29911181
HLA-A	3	408	29911182
HLA-A	3	409	29911183
HLA-A	3	410	29911184
HLA-A	3	411	29911185
HLA-A	3	412	29911186
HLA-A	3	413	29911187
HLA-A	3	414	29911188
HLA-A	3	415	29911189
HLA-A	3	416	29911190
HLA-A	3	417	29911191
HLA-A	3	418	29911192
HLA-A	3	419	29911193
HLA-A	3	420	29911194
HLA-A	3	421	29911195
HLA-A	3	422	29911196
HLA-A	3	423	29911197
HLA-A	3	424	29911198
HLA-A	3	425	29911199
HLA-A	3	426	29911200
HLA-A	3	427	29911201
HLA-A	3	428	29911202
HLA-A	3	429	29911203
HLA-A	3	430	29911204
HLA-A	3	431	29911205
HLA-A	3	432	29911206
HLA-A	3	433	29911207
HLA-A	3	434	29911208
HLA-A	3	435	29911209
HLA-A	3	436	29911210
HLA-A	3	437	29911211
HLA-A	3	438	29911212
HLA-A	3	439	29911213
HLA-A	3	440	29911214
HLA-A	3	441	29911215
HLA-A	3	442	29911216
HLA-A	3	443	29911217
HLA-A	3	444	29911218
HLA-A	3	445	29911219
HLA-A	3	446	29911220
HLA-A	3	447	29911221
HLA-A	3	448	29911222
HLA-A	3	449	29911223
HLA-A	3	450	29911224
HLA-A	3	451	29911225
HLA-A	3	452	29911226
HLA-A	3	453	29911227
HLA-A	3	454	29911228
HLA-A	3	455	29911229
HLA-A	3	456	29911230
HLA-A	3	457	29911231
HLA-A	3	458	29911232
HLA-A	3	459	29911233
HLA-A	3	460	29911234
HLA-A	3	461	29911235
HLA-A	3	462	29911236
HLA-A	3	463	29911237
HLA-A	3	464	29911238
HLA-A	3	465	29911239
HLA-A	3	466	29911240
HLA-A	3	467	29911241
HLA-A	3	468	29911242
HLA-A	3	469	29911243
HLA-A	3	470	29911244
HLA-A	3	471	29911245
HLA-A	3	472	29911246
HLA-A	3	473	29911247
HLA-A	3	474	29911248
HLA-A	3	475	29911249
HLA-A	3	476	29911250
HLA-A	3	477	29911251
HLA-A	3	478	29911252
HLA-A	3	479	29911253
HLA-A	3	480	29911254
HLA-A	3	481	29911255
HLA-A	3	482	29911256
HLA-A	3	483	29911257
HLA-A	3	484	29911258
HLA-A	3	485	29911259
HLA-A	3	486	29911260
HLA-A	3	487	29911261
HLA-A	3	488	29911262
HLA-A	3	489	29911263
HLA-A	3	490	29911264
HLA-A	3	491	29911265
HLA-A	3	492	29911266
HLA-A	3	493	29911267
HLA-A	3	494	29911268
HLA-A	3	495	29911269
HLA-A	3	496	29911270
HLA-A	3	497	29911271
HLA-A	3	498	29911272
HLA-A	3	499	29911273
HLA-A	3	500	29911274
HLA-A	3	501	29911275
HLA-A	3	502	29911276
HLA-A	3	503	29911277
HLA-A	3	504	29911278
HLA-A	3	505	29911279
HLA-A	3	506	29911280
HLA-A	3	507	29911281
HLA-A	3	508	29911282
HLA-A	3	509	29911283
HLA-A	3	510	29911284
HLA-A	3	511	29911285
HLA-A	3	512	29911286
HLA-A	3	513	29911287
HLA-A	3	514	29911288
HLA-A	3	515	29911289
HLA-A	3	516	29911290
HLA-A	3	517	29911291
HLA-A	3	518	29911292
HLA-A	3	519	29911293
HLA-A	3	520	29911294
HLA-A	3	521	29911295
HLA-A	3	522	29911296
HLA-A	3	523	29911297
HLA-A	3	524	29911298
HLA-A	3	525	29911299
HLA-A	3	526	29911300
HLA-A	3	527	29911301
HLA-A	3	528	29911302
HLA-A	3	529	29911303
HLA-A	3	530	29911304
HLA-A	3	531	29911305
HLA-A	3	532	29911306
HLA-A	3	533	29911307
HLA-A	3	534	29911308
HLA-A	3	535	29911309
HLA-A	3	536	29911310
HLA-A	3	537	29911311
HLA-A	3	538	29911312
HLA-A	3	539	29911313
HLA-A	3	540	29911314
HLA-A	3	541	29911315
HLA-A	3	542	29911316
HLA-A	3	543	29911317
HLA-A	3	544	29911318
HLA-A	3	545	29911319
HLA-A	3	546	29911320
HLA-A	4	547	29911899
HLA-A	4	548	29911900
HLA-A	4	549	29911901
HLA-A	4	550	29911902
HLA-A	4	551	29911903
HLA-A	4	552	29911904
HLA-A	4	553	29911905
HLA-A	4	554	29911906
HLA-A	4	555	29911907
HLA-A	4	556	29911908
HLA-A	4	557	29911909
HLA-A	4	558	29911910
HLA-A	4	559	29911911
HLA-A	4	560	29911912
HLA-A	4	561	29911913
HLA-A	4	562	29911914
HLA-A	4	563	29911915
HLA-A	4	564	29911916
HLA-A	4	565	29911917
HLA-A	4	566	29911918
HLA-A	4	567	29911919
HLA-A	4	568	29911920
HLA-A	4	569	29911921
HLA-A	4	570	29911922
HLA-A	4	571	29911923
HLA-A	4	572	29911924
HLA-A	4	573	29911925
HLA-A	4	574	29911926
HLA-A	4	575	29911927
HLA-A	4	576	29911928
HLA-A	4	577	29911929
HLA-A	4	578	29911930
HLA-A	4	579	29911931
HLA-A	4	580	29911932
HLA-A	4	581	29911933
HLA-A	4	582	29911934
HLA-A	4	583	29911935
HLA-A	4	584	29911936
HLA-A	4	585	29911937
HLA-A	4	586	29911938
HLA-A	4	587	29911939
HLA-A	4	588	29911940
HLA-A	4	589	29911941
HLA-A	4	590	29911942
HLA-A	4	591	29911943
HLA-A	4	592	29911944
HLA-A	4	593	29911945
HLA-A	4	594	29911946
HLA-A	4	595	29911947
HLA-A	4	596	29911948
HLA-A	4	597	29911949
HLA-A	4	598	29911950
HLA-A	4	599	29911951
HLA-A	4	600	29911952
HLA-A	4	601	29911953
HLA-A	4	602	29911954
HLA-A	4	603	29911955
HLA-A	4	604	29911956
HLA-A	4	605	29911957
HLA-A	4	606	29911958
HLA-A	4	607	29911959
HLA-A	4	608	29911960
HLA-A	4	609	29911961
HLA-A	4	610	29911962
HLA-A	4	611	29911963
HLA-A	4	612	29911964
HLA-A	4	613	29911965
HLA-A	4	614	29911966
HLA-A	4	615	29911967
HLA-A	4	616	29911968
HLA-A	4	617	29911969
HLA-A	4	618	29911970
HLA-A	4	619	29911971
HLA-A	4	620	29911972
HLA-A	4	621	29911973
HLA-A	4	622	29911974
HLA-A	4	623	29911975
HLA-A	4	624	29911976
HLA-A	4	625	29911977
HLA-A	4	626	29911978
HLA-A	4	627	29911979
HLA-A	4	628	29911980
HLA-A	4	629	29911981
HLA-A	4	630	29911982
HLA-A	4	631	29911983
HLA-A	4	632	29911984
HLA-A	4	633	29911985
HLA-A	4	634	29911986
HLA-A	4	635	29911987
HLA-A	4	636	29911988
HLA-A	4	637	29911989
HLA-A	4	638	29911990
HLA-A	4	639	29911991
HLA-A	4	640	29911992
HLA-A	4	641	29911993
HLA-A	4	642	29911994
HLA-A	4	643	29911995
HLA-A	4	644	29911996
HLA-A	4	645	29911997
HLA-A	4	646	29911998
HLA-A	4	647	29911999
HLA-A	4	648	29912000
HLA-A	4	649	29912001
HLA-A	4	650	29912002
HLA-A	4	651	29912003
HLA-A	4	652	29912004
HLA-A	4	653	29912005
HLA-A	4	654	29912006
HLA-A	4	655	29912007
HLA-A	4	656	29912008
HLA-A	4	657	29912009
HLA-A	4	658	29912010
HLA-A	4	659	29912011
HLA-A	4	660	29912012
HLA-A	4	661	29912013
HLA-A	4	662	29912014
HLA-A	4	663	29912015
HLA-A	4	664	29912016
HLA-A	4	665	29912017
HLA-A	4	666	29912018
HLA-A	4	667	29912019
HLA-A	4	668	29912020
HLA-A	4	669	29912021
HLA-A	4	670	29912022
HLA-A	4	671	29912023
HLA-A	4	672	29912024
HLA-A	4	673	29912025
HLA-A	4	674	29912026
HLA-A	4	675	29912027
HLA-A	4	676	29912028
HLA-A	4	677	29912029
HLA-A	4	678	29912030
HLA-A	4	679	29912031
HLA-A	4	680	29912032
HLA-A	4	681	29912033
HLA-A	4	682	29912034
HLA-A	4	683	29912035
HLA-A	4	684	29912036
HLA-A	4	685	29912037
HLA-A	4	686	29912038
HLA-A	4	687	29912039
HLA-A	4	688	29912040
HLA-A	4	689	29912041
HLA-A	4	690	29912042
HLA-A	4	691	29912043
HLA-A	4	692	29912044
HLA-A	4	693	29912045
HLA-A	4	694	29912046
HLA-A	4	695	29912047
HLA-A	4	696	29912048
HLA-A	4	697	29912049
HLA-A	4	698	29912050
HLA-A	4	699	29912051
HLA-A	4	700	29912052
HLA-A	4	701	29912053
HLA-A	4	702	29912054
HLA-A	4	703	29912055
HLA-A	4	704	29912056
HLA-A	4	705	29912057
HLA-A	4	706	29912058
HLA-A	4	707	29912059
HLA-A	4	708	29912060
HLA-A	4	709	29912061
HLA-A	4	710	29912062
HLA-A	4	711	29912063
HLA-A	4	712	29912064
HLA-A	4	713	29912065
HLA-A	4	714	29912066
HLA-A	4	715	29912067
HLA-A	4	716	29912068
HLA-A	4	717	29912069
HLA-A	4	718	29912070
HLA-A	4	719	29912071
HLA-A	4	720	29912072
HLA-A	4	721	29912073
HLA-A	4	722	29912074
HLA-A	4	723	29912075
HLA-A	4	724	29912076
HLA-A	4	725	29912077
HLA-A	4	726	29912078
HLA-A	4	727	29912079
HLA-A	4	728	29912080
HLA-A	4	729	29912081
HLA-A	4	730	29912082
HLA-A	4	731	29912083
HLA-A	4	732	29912084
HLA-A	4	733	29912085
HLA-A	4	734	29912086
HLA-A	4	735	29912087
HLA-A	4	736	29912088
HLA-A	4	737	29912089
HLA-A	4	738	29912090
HLA-A	4	739	29912091
HLA-A	4	740	29912092
HLA-A	4	741	29912093
HLA-A	4	742	29912094
HLA-A	4	743	29912095
HLA-A	4	744	29912096
HLA-A	4	745	29912097
HLA-A	4	746	29912098
HLA-A	4	747	29912099
HLA-A	4	748	29912100
HLA-A	4	749	29912101
HLA-A	4	750	29912102
HLA-A	4	751	29912103
HLA-A	4	752	29912104
HLA-A	4	753	29912105
HLA-A	4	754	29912106
HLA-A	4	755	29912107
HLA-A	4	756	29912108
HLA-A	4	757	29912109
HLA-A	4	758	29912110
HLA-A	4	759	29912111
HLA-A	4	760	29912112
HLA-A	4	761	29912113
HLA-A	4	762	29912114
HLA-A	4	763	29912115
HLA-A	4	764	29912116
HLA-A	4	765	29912117
HLA-A	4	766	29912118
HLA-A	4	767	29912119
HLA-A	4	768	29912120
HLA-A	4	769	29912121
HLA-A	4	770	29912122
HLA-A	4	771	29912123
HLA-A	4	772	29912124
HLA-A	4	773	29912125
HLA-A	4	774	29912126
HLA-A	4	775	29912127
HLA-A	4	776	29912128
HLA-A	4	777	29912129
HLA-A	4	778	29912130
HLA-A	4	779	29912131
HLA-A	4	780	29912132
HLA-A	4	781	29912133
HLA-A	4	782	29912134
HLA-A	4	783	29912135
HLA-A	4	784	29912136
HLA-A	4	785	29912137
HLA-A	4	786	29912138
HLA-A	4	787	29912139
HLA-A	4	788	29912140
HLA-A	4	789	29912141
HLA-A	4	790	29912142
HLA-A	4	791	29912143
HLA-A	4	792	29912144
HLA-A	4	793	29912145
HLA-A	4	794	29912146
HLA-A	4	795	29912147
HLA-A	4	796	29912148
HLA-A	4	797	29912149
HLA-A	4	798	29912150
HLA-A	4	799	29912151
HLA-A	4	800	29912152
HLA-A	4	801	29912153
HLA-A	4	802	29912154
HLA-A	4	803	29912155
HLA-A	4	804	29912156
HLA-A	4	805	29912157
HLA-A	4	806	29912158
HLA-A	4	807	29912159
HLA-A	4	808	29912160
HLA-A	4	809	29912161
HLA-A	4	810	29912162
HLA-A	4	811	29912163
HLA-A	4	812	29912164
HLA-A	4	813	29912165
HLA-A	4	814	29912166
HLA-A	4	815	29912167
HLA-A	4	816	29912168
HLA-A	4	817	29912169
HLA-A	4	818	29912170
HLA-A	4	819	29912171
HLA-A	4	820	29912172
HLA-A	4	821	29912173
HLA-A	4	822	29912174
HLA-A	5	823	29912277
HLA-A	5	824	29912278
HLA-A	5	825	29912279
HLA-A	5	826	29912280
HLA-A	5	827	29912281
HLA-A	5	828	29912282
HLA-A	5	829	29912283
HLA-A	5	830	29912284
HLA-A	5	831	29912285
HLA-A	5	832	29912286
HLA-A	5	833	29912287
HLA-A	5	834	29912288
HLA-A	5	835	29912289
HLA-A	5	836	29912290
HLA-A	5	837	29912291
HLA-A	5	838	29912292
HLA-A	5	839	29912293
HLA-A	5	840	29912294
HLA-A	5	841	29912295
HLA-A	5	842	29912296
HLA-A	5	843	29912297
HLA-A	5	844	29912298
HLA-A	5	845	29912299
HLA-A	5	846	29912300
HLA-A	5	847	29912301
HLA-A	5	848	29912302
HLA-A	5	849	29912303
HLA-A	5	850	29912304
HLA-A	5	851	29912305
HLA-A	5	852	29912306
HLA-A	5	853	29912307
HLA-A	5	854	29912308
HLA-A	5	855	29912309
HLA-A	5	856	29912310
HLA-A	5	857	29912311
HLA-A	5	858	29912312
HLA-A	5	859	29912313
HLA-A	5	860	29912314
HLA-A	5	861	29912315
HLA-A	5	862	29912316
HLA-A	5	863	29912317
HLA-A	5	864	29912318
HLA-A	5	865	29912319
HLA-A	5	866	29912320
HLA-A	5	867	29912321
HLA-A	5	868	29912322
HLA-A	5	869	29912323
HLA-A	5	870	29912324
HLA-A	5	871	29912325
HLA-A	5	872	29912326
HLA-A	5	873	29912327
HLA-A	5	874	29912328
HLA-A	5	875	29912329
HLA-A	5	876	29912330
HLA-A	5	877	29912331
HLA-A	5	878	29912332
HLA-A	5	879	29912333
HLA-A	5	880	29912334
HLA-A	5	881	29912335
HLA-A	5	882	29912336
HLA-A	5	883	29912337
HLA-A	5	884	29912338
HLA-A	5	885	29912339
HLA-A	5	886	29912340
HLA-A	5	887	29912341
HLA-A	5	888	29912342
HLA-A	5	889	29912343
HLA-A	5	890	29912344
HLA-A	5	891	29912345
HLA-A	5	892	29912346
HLA-A	5	893	29912347
HLA-A	5	894	29912348
HLA-A	5	895	29912349
HLA-A	5	896	29912350
HLA-A	5	897	29912351
HLA-A	5	898	29912352
HLA-A	5	899	29912353
HLA-A	5	900	29912354
HLA-A	5	901	29912355
HLA-A	5	902	29912356
HLA-A	5	903	29912357
HLA-A	5	904	29912358
HLA-A	5	905	29912359
HLA-A	5	906	29912360
HLA-A	5	907	29912361
HLA-A	5	908	29912362
HLA-A	5	909	29912363
HLA-A	5	910	29912364
HLA-A	5	911	29912365
HLA-A	5	912	29912366
HLA-A	5	913	29912367
HLA-A	5	914	29912368
HLA-A	5	915	29912369
HLA-A	5	916	29912370
HLA-A	5	917	29912371
HLA-A	5	918	29912372
HLA-A	5	919	29912373
HLA-A	5	920	29912374
HLA-A	5	921	29912375
HLA-A	5	922	29912376
HLA-A	5	923	29912377
HLA-A	5	924	29912378
HLA-A	5	925	29912379
HLA-A	5	926	29912380
HLA-A	5	927	29912381
HLA-A	5	928	29912382
HLA-A	5	929	29912383
HLA-A	5	930	29912384
HLA-A	5	931	29912385
HLA-A	5	932	29912386
HLA-A	5	933	29912387
HLA-A	5	934	29912388
HLA-A	5	935	29912389
HLA-A	5	936	29912390
HLA-A	5	937	29912391
HLA-A	5	938	29912392
HLA-A	5	939	29912393
HLA-A	6	940	29912836
HLA-A	6	941	29912837
HLA-A	6	942	29912838
HLA-A	6	943	29912839
HLA-A	6	944	29912840
HLA-A	6	945	29912841
HLA-A	6	946	29912842
HLA-A	6	947	29912843
HLA-A	6	948	29912844
HLA-A	6	949	29912845
HLA-A	6	950	29912846
HLA-A	6	951	29912847
HLA-A	6	952	29912848
HLA-A	6	953	29912849
HLA-A	6	954	29912850
HLA-A	6	955	29912851
HLA-A	6	956	29912852
HLA-A	6	957	29912853
HLA-A	6	958	29912854
HLA-A	6	959	29912855
HLA-A	6	960	29912856
HLA-A	6	961	29912857
HLA-A	6	962	29912858
HLA-A	6	963	29912859
HLA-A	6	964	29912860
HLA-A	6	965	29912861
HLA-A	6	966	29912862
HLA-A	6	967	29912863
HLA-A	6	968	29912864
HLA-A	6	969	29912865
HLA-A	6	970	29912866
HLA-A	6	971	29912867
HLA-A	6	972	29912868
HLA-A	7	973	29913011
HLA-A	7	974	29913012
HLA-A	7	975	29913013
HLA-A	7	976	29913014
HLA-A	7	977	29913015
HLA-A	7	978	29913016
HLA-A	7	979	29913017
HLA-A	7	980	29913018
HLA-A	7	981	29913019
HLA-A	7	982	29913020
HLA-A	7	983	29913021
HLA-A	7	984	29913022
HLA-A	7	985	29913023
HLA-A	7	986	29913024
HLA-A	7	987	29913025
HLA-A	7	988	29913026
HLA-A	7	989	29913027
HLA-A	7	990	29913028
HLA-A	7	991	29913029
HLA-A	7	992	29913030
HLA-A	7	993	29913031
HLA-A	7	994	29913032
HLA-A	7	995	29913033
HLA-A	7	996	29913034
HLA-A	7	997	29913035
HLA-A	7	998	29913036
HLA-A	7	999	29913037
HLA-A	7	1000	29913038
HLA-A	7	1001	29913039
HLA-A	7	1002	29913040
HLA-A	7	1003	29913041
HLA-A	7	1004	29913042
HLA-A	7	1005	29913043
HLA-A	7	1006	29913044
HLA-A	7	1007	29913045
HLA-A	7	1008	29913046
HLA-A	7	1009	29913047
HLA-A	7	1010	29913048
HLA-A	7	1011	29913049
HLA-A	7	1012	29913050
HLA-A	7	1013	29913051
HLA-A	7	1014	29913052
HLA-A	7	1015	29913053
HLA-A	7	1016	29913054
HLA-A	7	1017	29913055
HLA-A	7	1018	29913056
HLA-A	7	1019	29913057
HLA-A	7	1020	29913058
HLA-A	8	1021	29913228
HLA-A	8	1022	29913229
HLA-A	8	1023	29913230
HLA-A	8	1024	29913231
HLA-A	8	1025	29913232
HLA-A	8	1026	29913233
HLA-A	8	1027	29913234
HLA-A	8	1028	29913235
HLA-A	8	1029	29913236
HLA-A	8	1030	29913237
HLA-A	8	1031	29913238
HLA-A	8	1032	29913239
HLA-A	8	1033	29913240
HLA-A	8	1034	29913241
HLA-A	8	1035	29913242
HLA-A	8	1036	29913243
HLA-A	8	1037	29913244
HLA-A	8	1038	29913245
HLA-A	8	1039	29913246
HLA-A	8	1040	29913247
HLA-A	8	1041	29913248
HLA-A	8	1042	29913249
HLA-A	8	1043	29913250
HLA-A	8	1044	29913251
HLA-A	8	1045	29913252
HLA-A	8	1046	29913253
HLA-A	8	1047	29913254
HLA-A	8	1048	29913255
HLA-A	8	1049	29913256
HLA-A	8	1050	29913257
HLA-A	8	1051	29913258
HLA-A	8	1052	29913259
HLA-A	8	1053	29913260
HLA-A	8	1054	29913261
HLA-A	8	1055	29913262
HLA-A	8	1056	29913263
HLA-A	8	1057	29913264
HLA-A	8	1058	29913265
HLA-A	8	1059	29913266
HLA-A	8	1060	29913267
HLA-A	8	1061	29913268
HLA-A	8	1062	29913269
HLA-A	8	1063	29913270
HLA-A	8	1064	29913271
HLA-A	8	1065	29913272
HLA-A	8	1066	29913273
HLA-A	8	1067	29913274
HLA-A	8	1068	29913275
HLA-A	8	1069	29913276
HLA-A	8	1070	29913277
HLA-A	8	1071	29913278
HLA-A	8	1072	29913279
HLA-A	8	1073	29913280
HLA-A	8	1074	29913281
HLA-A	8	1075	29913282
HLA-A	8	1076	29913283
HLA-A	8	1077	29913284
HLA-A	8	1078	29913285
HLA-A	8	1079	29913286
HLA-A	8	1080	29913287
HLA-A	8	1081	29913288
HLA-A	8	1082	29913289
HLA-A	8	1083	29913290
HLA-A	8	1084	29913291
HLA-A	8	1085	29913292
HLA-A	8	1086	29913293
HLA-A	8	1087	29913294
HLA-A	8	1088	29913295
HLA-A	8	1089	29913296
HLA-A	8	1090	29913297
HLA-A	8	1091	29913298
HLA-A	8	1092	29913299
HLA-A	8	1093	29913300
HLA-A	8	1094	29913301
HLA-A	8	1095	29913302
HLA-A	8	1096	29913303
HLA-A	8	1097	29913304
HLA-A	8	1098	29913305
HLA-A	8	1099	29913306
HLA-A	8	1100	29913307
HLA-A	8	1101	29913308
HLA-A	8	1102	29913309
HLA-A	8	1103	29913310
HLA-A	8	1104	29913311
HLA-A	8	1105	29913312
HLA-A	8	1106	29913313
HLA-A	8	1107	29913314
HLA-A	8	1108	29913315
HLA-A	8	1109	29913316
HLA-A	8	1110	29913317
HLA-A	8	1111	29913318
HLA-A	8	1112	29913319
HLA-A	8	1113	29913320
HLA-A	8	1114	29913321
HLA-A	8	1115	29913322
HLA-A	8	1116	29913323
HLA-A	8	1117	29913324
HLA-A	8	1118	29913325
HLA-A	8	1119	29913326
HLA-A	8	1120	29913327
HLA-A	8	1121	29913328
HLA-A	8	1122	29913329
HLA-A	8	1123	29913330
HLA-A	8	1124	29913331
HLA-A	8	1125	29913332
HLA-A	8	1126	29913333
HLA-A	8	1127	29913334
HLA-A	8	1128	29913335
HLA-A	8	1129	29913336
HLA-A	8	1130	29913337
HLA-A	8	1131	29913338
HLA-A	8	1132	29913339
HLA-A	8	1133	29913340
HLA-A	8	1134	29913341
HLA-A	8	1135	29913342
HLA-A	8	1136	29913343
HLA-A	8	1137	29913344
HLA-A	8	1138	29913345
HLA-A	8	1139	29913346
HLA-A	8	1140	29913347
HLA-A	8	1141	29913348
HLA-A	8	1142	29913349
HLA-A	8	1143	29913350
HLA-A	8	1144	29913351
HLA-A	8	1145	29913352
HLA-A	8	1146	29913353
HLA-A	8	1147	29913354
HLA-A	8	1148	29913355
HLA-A	8	1149	29913356
HLA-A	8	1150	29913357
HLA-A	8	1151	29913358
HLA-A	8	1152	29913359
HLA-A	8	1153	29913360
HLA-A	8	1154	29913361
HLA-A	8	1155	29913362
HLA-A	8	1156	29913363
HLA-A	8	1157	29913364
HLA-A	8	1158	29913365
HLA-A	8	1159	29913366
HLA-A	8	1160	29913367
HLA-A	8	1161	29913368
HLA-A	8	1162	29913369
HLA-A	8	1163	29913370
HLA-A	8	1164	29913371
HLA-A	8	1165	29913372
HLA-A	8	1166	29913373
HLA-A	8	1167	29913374
HLA-A	8	1168	29913375
HLA-A	8	1169	29913376
HLA-A	8	1170	29913377
HLA-A	8	1171	29913378
HLA-A	8	1172	29913379
HLA-A	8	1173	29913380
HLA-A	8	1174	29913381
HLA-A	8	1175	29913382
HLA-A	8	1176	29913383
HLA-A	8	1177	29913384
HLA-A	8	1178	29913385
HLA-A	8	1179	29913386
HLA-A	8	1180	29913387
HLA-A	8	1181	29913388
HLA-A	8	1182	29913389
HLA-A	8	1183	29913390
HLA-A	8	1184	29913391
HLA-A	8	1185	29913392
HLA-A	8	1186	29913393
HLA-A	8	1187	29913394
HLA-A	8	1188	29913395
HLA-A	8	1189	29913396
HLA-A	8	1190	29913397
HLA-A	8	1191	29913398
HLA-A	8	1192	29913399
HLA-A	8	1193	29913400
HLA-A	8	1194	29913401
HLA-A	8	1195	29913402
HLA-A	8	1196	29913403
HLA-A	8	1197	29913404
HLA-A	8	1198	29913405
HLA-A	8	1199	29913406
HLA-A	8	1200	29913407
HLA-A	8	1201	29913408
HLA-A	8	1202	29913409
HLA-A	8	1203	29913410
HLA-A	8	1204	29913411
HLA-A	8	1205	29913412
HLA-A	8	1206	29913413
HLA-A	8	1207	29913414
HLA-A	8	1208	29913415
HLA-A	8	1209	29913416
HLA-A	8	1210	29913417
HLA-A	8	1211	29913418
HLA-A	8	1212	29913419
HLA-A	8	1213	29913420
HLA-A	8	1214	29913421
HLA-A	8	1215	29913422
HLA-A	8	1216	29913423
HLA-A	8	1217	29913424
HLA-A	8	1218	29913425
HLA-A	8	1219	29913426
HLA-A	8	1220	29913427
HLA-A	8	1221	29913428
HLA-A	8	1222	29913429
HLA-A	8	1223	29913430
HLA-A	8	1224	29913431
HLA-A	8	1225	29913432
HLA-A	8	1226	29913433
HLA-A	8	1227	29913434
HLA-A	8	1228	29913435
HLA-A	8	1229	29913436
HLA-A	8	1230	29913437
HLA-A	8	1231	29913438
HLA-A	8	1232	29913439
HLA-A	8	1233	29913440
HLA-A	8	1234	29913441
HLA-A	8	1235	29913442
HLA-A	8	1236	29913443
HLA-A	8	1237	29913444
HLA-A	8	1238	29913445
HLA-A	8	1239	29913446
HLA-A	8	1240	29913447
HLA-A	8	1241	29913448
HLA-A	8	1242	29913449
HLA-A	8	1243	29913450
HLA-A	8	1244	29913451
HLA-A	8	1245	29913452
HLA-A	8	1246	29913453
HLA-A	8	1247	29913454
HLA-A	8	1248	29913455
HLA-A	8	1249	29913456
HLA-A	8	1250	29913457
HLA-A	8	1251	29913458
HLA-A	8	1252	29913459
HLA-A	8	1253	29913460
HLA-A	8	1254	29913461
HLA-A	8	1255	29913462
HLA-A	8	1256	29913463
HLA-A	8	1257	29913464
HLA-A	8	1258	29913465
HLA-A	8	1259	29913466
HLA-A	8	1260	29913467
HLA-A	8	1261	29913468
HLA-A	8	1262	29913469
HLA-A	8	1263	29913470
HLA-A	8	1264	29913471
HLA-A	8	1265	29913472
HLA-A	8	1266	29913473
HLA-A	8	1267	29913474
HLA-A	8	1268	29913475
HLA-A	8	1269	29913476
HLA-A	8	1270	29913477
HLA-A	8	1271	29913478
HLA-A	8	1272	29913479
HLA-A	8	1273	29913480
HLA-A	8	1274	29913481
HLA-A	8	1275	29913482
HLA-A	8	1276	29913483
HLA-A	8	1277	29913484
HLA-A	8	1278	29913485
HLA-A	8	1279	29913486
HLA-A	8	1280	29913487
HLA-A	8	1281	29913488
HLA-A	8	1282	29913489
HLA-A	8	1283	29913490
HLA-A	8	1284	29913491
HLA-A	8	1285	29913492
HLA-A	8	1286	29913493
HLA-A	8	1287	29913494
HLA-A	8	1288	29913495
HLA-A	8	1289	29913496
HLA-A	8	1290	29913497
HLA-A	8	1291	29913498
HLA-A	8	1292	29913499
HLA-A	8	1293	29913500
HLA-A	8	1294	29913501
HLA-A	8	1295	29913502
HLA-A	8	1296	29913503
HLA-A	8	1297	29913504
HLA-A	8	1298	29913505
HLA-A	8	1299	29913506
HLA-A	8	1300	29913507
HLA-A	8	1301	29913508
HLA-A	8	1302	29913509
HLA-A	8	1303	29913510
HLA-A	8	1304	29913511
HLA-A	8	1305	29913512
HLA-A	8	1306	29913513
HLA-A	8	1307	29913514
HLA-A	8	1308	29913515
HLA-A	8	1309	29913516
HLA-A	8	1310	29913517
HLA-A	8	1311	29913518
HLA-A	8	1312	29913519
HLA-A	8	1313	29913520
HLA-A	8	1314	29913521
HLA-A	8	1315	29913522
HLA-A	8	1316	29913523
HLA-A	8	1317	29913524
HLA-A	8	1318	29913525
HLA-A	8	1319	29913526
HLA-A	8	1320	29913527
HLA-A	8	1321	29913528
HLA-A	8	1322	29913529
HLA-A	8	1323	29913530
HLA-A	8	1324	29913531
HLA-A	8	1325	29913532
HLA-A	8	1326	29913533
HLA-A	8	1327	29913534
HLA-A	8	1328	29913535
HLA-A	8	1329	29913536
HLA-A	8	1330	29913537
HLA-A	8	1331	29913538
HLA-A	8	1332	29913539
HLA-A	8	1333	29913540
HLA-A	8	1334	29913541
HLA-A	8	1335	29913542
HLA-A	8	1336	29913543
HLA-A	8	1337	29913544
HLA-A	8	1338	29913545
HLA-A	8	1339	29913546
HLA-A	8	1340	29913547
HLA-A	8	1341	29913548
HLA-A	8	1342	29913549
HLA-A	8	1343	29913550
HLA-A	8	1344	29913551
HLA-A	8	1345	29913552
HLA-A	8	1346	29913553
HLA-A	8	1347	29913554
HLA-A	8	1348	29913555
HLA-A	8	1349	29913556
HLA-A	8	1350	29913557
HLA-A	8	1351	29913558
HLA-A	8	1352	29913559
HLA-A	8	1353	29913560
HLA-A	8	1354	29913561
HLA-A	8	1355	29913562
HLA-A	8	1356	29913563
HLA-A	8	1357	29913564
HLA-A	8	1358	29913565
HLA-A	8	1359	29913566
HLA-A	8	1360	29913567
HLA-A	8	1361	29913568
HLA-A	8	1362	29913569
HLA-A	8	1363	29913570
HLA-A	8	1364	29913571
HLA-A	8	1365	29913572
HLA-A	8	1366	29913573
HLA-A	8	1367	29913574
HLA-A	8	1368	29913575
HLA-A	8	1369	29913576
HLA-A	8	1370	29913577
HLA-A	8	1371	29913578
HLA-A	8	1372	29913579
HLA-A	8	1373	29913580
HLA-A	8	1374	29913581
HLA-A	8	1375	29913582
HLA-A	8	1376	29913583
HLA-A	8	1377	29913584
HLA-A	8	1378	29913585
HLA-A	8	1379	29913586
HLA-A	8	1380	29913587
HLA-A	8	1381	29913588
HLA-A	8	1382	29913589
HLA-A	8	1383	29913590
HLA-A	8	1384	29913591
HLA-A	8	1385	29913592
HLA-A	8	1386	29913593
HLA-A	8	1387	29913594
HLA-A	8	1388	29913595
HLA-A	8	1389	29913596
HLA-A	8	1390	29913597
HLA-A	8	1391	29913598
HLA-A	8	1392	29913599
HLA-A	8	1393	29913600
HLA-A	8	1394	29913601
HLA-A	8	1395	29913602
HLA-A	8	1396	29913603
HLA-A	8	1397	29913604
HLA-A	8	1398	29913605
HLA-A	8	1399	29913606
HLA-A	8	1400	29913607
HLA-A	8	1401	29913608
HLA-A	8	1402	29913609
HLA-A	8	1403	29913610
HLA-A	8	1404	29913611
HLA-A	8	1405	29913612
HLA-A	8	1406	29913613
HLA-A	8	1407	29913614
HLA-A	8	1408	29913615
HLA-A	8	1409	29913616
HLA-A	8	1410	29913617
HLA-A	8	1411	29913618
HLA-A	8	1412	29913619
HLA-A	8	1413	29913620
HLA-A	8	1414	29913621
HLA-A	8	1415	29913622
HLA-A	8	1416	29913623
HLA-A	8	1417	29913624
HLA-A	8	1418	29913625
HLA-A	8	1419	29913626
HLA-A	8	1420	29913627
HLA-A	8	1421	29913628
HLA-A	8	1422	29913629
HLA-A	8	1423	29913630
HLA-A	8	1424	29913631
HLA-A	8	1425	29913632
HLA-A	8	1426	29913633
HLA-A	8	1427	29913634
HLA-A	8	1428	29913635
HLA-A	8	1429	29913636
HLA-A	8	1430	29913637
HLA-A	8	1431	29913638
HLA-A	8	1432	29913639
HLA-A	8	1433	29913640
HLA-A	8	1434	29913641
HLA-A	8	1435	29913642
HLA-A	8	1436	29913643
HLA-A	8	1437	29913644
HLA-A	8	1438	29913645
HLA-A	8	1439	29913646
HLA-A	8	1440	29913647
HLA-A	8	1441	29913648
HLA-A	8	1442	29913649
HLA-A	8	1443	29913650
HLA-A	8	1444	29913651
HLA-A	8	1445	29913652
HLA-A	8	1446	29913653
HLA-A	8	1447	29913654
HLA-A	8	1448	29913655
HLA-A	8	1449	29913656
HLA-A	8	1450	29913657
HLA-A	8	1451	29913658
HLA-A	8	1452	29913659
HLA-A	8	1453	29913660
HLA-A	8	1454	29913661
HLA-B	8	1445	31321649
HLA-B	8	1444	31321650
HLA-B	8	1443	31321651
HLA-B	8	1442	31321652
HLA-B	8	1441	31321653
HLA-B	8	1440	31321654
HLA-B	8	1439	31321655
HLA-B	8	1438	31321656
HLA-B	8	1437	31321657
HLA-B	8	1436	31321658
HLA-B	8	1435	31321659
HLA-B	8	1434	31321660
HLA-B	8	1433	31321661
HLA-B	8	1432	31321662
HLA-B	8	1431	31321663
HLA-B	8	1430	31321664
HLA-B	8	1429	31321665
HLA-B	8	1428	31321666
HLA-B	8	1427	31321667
HLA-B	8	1426	31321668
HLA-B	8	1425	31321669
HLA-B	8	1424	31321670
HLA-B	8	1423	31321671
HLA-B	8	1422	31321672
HLA-B	8	1421	31321673
HLA-B	8	1420	31321674
HLA-B	8	1419	31321675
HLA-B	8	1418	31321676
HLA-B	8	1417	31321677
HLA-B	8	1416	31321678
HLA-B	8	1415	31321679
HLA-B	8	1414	31321680
HLA-B	8	1413	31321681
HLA-B	8	1412	31321682
HLA-B	8	1411	31321683
HLA-B	8	1410	31321684
HLA-B	8	1409	31321685
HLA-B	8	1408	31321686
HLA-B	8	1407	31321687
HLA-B	8	1406	31321688
HLA-B	8	1405	31321689
HLA-B	8	1404	31321690
HLA-B	8	1403	31321691
HLA-B	8	1402	31321692
HLA-B	8	1401	31321693
HLA-B	8	1400	31321694
HLA-B	8	1399	31321695
HLA-B	8	1398	31321696
HLA-B	8	1397	31321697
HLA-B	8	1396	31321698
HLA-B	8	1395	31321699
HLA-B	8	1394	31321700
HLA-B	8	1393	31321701
HLA-B	8	1392	31321702
HLA-B	8	1391	31321703
HLA-B	8	1390	31321704
HLA-B	8	1389	31321705
HLA-B	8	1388	31321706
HLA-B	8	1387	31321707
HLA-B	8	1386	31321708
HLA-B	8	1385	31321709
HLA-B	8	1384	31321710
HLA-B	8	1383	31321711
HLA-B	8	1382	31321712
HLA-B	8	1381	31321713
HLA-B	8	1380	31321714
HLA-B	8	1379	31321715
HLA-B	8	1378	31321716
HLA-B	8	1377	31321717
HLA-B	8	1376	31321718
HLA-B	8	1375	31321719
HLA-B	8	1374	31321720
HLA-B	8	1373	31321721
HLA-B	8	1372	31321722
HLA-B	8	1371	31321723
HLA-B	8	1370	31321724
HLA-B	8	1369	31321725
HLA-B	8	1368	31321726
HLA-B	8	1367	31321727
HLA-B	8	1366	31321728
HLA-B	8	1365	31321729
HLA-B	8	1364	31321730
HLA-B	8	1363	31321731
HLA-B	8	1362	31321732
HLA-B	8	1361	31321733
HLA-B	8	1360	31321734
HLA-B	8	1359	31321735
HLA-B	8	1358	31321736
HLA-B	8	1357	31321737
HLA-B	8	1356	31321738
HLA-B	8	1355	31321739
HLA-B	8	1354	31321740
HLA-B	8	1353	31321741
HLA-B	8	1352	31321742
HLA-B	8	1351	31321743
HLA-B	8	1350	31321744
HLA-B	8	1349	31321745
HLA-B	8	1348	31321746
HLA-B	8	1347	31321747
HLA-B	8	1346	31321748
HLA-B	8	1345	31321749
HLA-B	8	1344	31321750
HLA-B	8	1343	31321751
HLA-B	8	1342	31321752
HLA-B	8	1341	31321753
HLA-B	8	1340	31321754
HLA-B	8	1339	31321755
HLA-B	8	1338	31321756
HLA-B	8	1337	31321757
HLA-B	8	1336	31321758
HLA-B	8	1335	31321759
HLA-B	8	1334	31321760
HLA-B	8	1333	31321761
HLA-B	8	1332	31321762
HLA-B	8	1331	31321763
HLA-B	8	1330	31321764
HLA-B	8	1329	31321765
HLA-B	8	1328	31321766
HLA-B	8	1327	31321767
HLA-B	8	1326	31321768
HLA-B	8	1325	31321769
HLA-B	8	1324	31321770
HLA-B	8	1323	31321771
HLA-B	8	1322	31321772
HLA-B	8	1321	31321773
HLA-B	8	1320	31321774
HLA-B	8	1319	31321775
HLA-B	8	1318	31321776
HLA-B	8	1317	31321777
HLA-B	8	1316	31321778
HLA-B	8	1315	31321779
HLA-B	8	1314	31321780
HLA-B	8	1313	31321781
HLA-B	8	1312	31321782
HLA-B	8	1311	31321783
HLA-B	8	1310	31321784
HLA-B	8	1309	31321785
HLA-B	8	1308	31321786
HLA-B	8	1307	31321787
HLA-B	8	1306	31321788
HLA-B	8	1305	31321789
HLA-B	8	1304	31321790
HLA-B	8	1303	31321791
HLA-B	8	1302	31321792
HLA-B	8	1301	31321793
HLA-B	8	1300	31321794
HLA-B	8	1299	31321795
HLA-B	8	1298	31321796
HLA-B	8	1297	31321797
HLA-B	8	1296	31321798
HLA-B	8	1295	31321799
HLA-B	8	1294	31321800
HLA-B	8	1293	31321801
HLA-B	8	1292	31321802
HLA-B	8	1291	31321803
HLA-B	8	1290	31321804
HLA-B	8	1289	31321805
HLA-B	8	1288	31321806
HLA-B	8	1287	31321807
HLA-B	8	1286	31321808
HLA-B	8	1285	31321809
HLA-B	8	1284	31321810
HLA-B	8	1283	31321811
HLA-B	8	1282	31321812
HLA-B	8	1281	31321813
HLA-B	8	1280	31321814
HLA-B	8	1279	31321815
HLA-B	8	1278	31321816
HLA-B	8	1277	31321817
HLA-B	8	1276	31321818
HLA-B	8	1275	31321819
HLA-B	8	1274	31321820
HLA-B	8	1273	31321821
HLA-B	8	1272	31321822
HLA-B	8	1271	31321823
HLA-B	8	1270	31321824
HLA-B	8	1269	31321825
HLA-B	8	1268	31321826
HLA-B	8	1267	31321827
HLA-B	8	1266	31321828
HLA-B	8	1265	31321829
HLA-B	8	1264	31321830
HLA-B	8	1263	31321831
HLA-B	8	1262	31321832
HLA-B	8	1261	31321833
HLA-B	8	1260	31321834
HLA-B	8	1259	31321835
HLA-B	8	1258	31321836
HLA-B	8	1257	31321837
HLA-B	8	1256	31321838
HLA-B	8	1255	31321839
HLA-B	8	1254	31321840
HLA-B	8	1253	31321841
HLA-B	8	1252	31321842
HLA-B	8	1251	31321843
HLA-B	8	1250	31321844
HLA-B	8	1249	31321845
HLA-B	8	1248	31321846
HLA-B	8	1247	31321847
HLA-B	8	1246	31321848
HLA-B	8	1245	31321849
HLA-B	8	1244	31321850
HLA-B	8	1243	31321851
HLA-B	8	1242	31321852
HLA-B	8	1241	31321853
HLA-B	8	1240	31321854
HLA-B	8	1239	31321855
HLA-B	8	1238	31321856
HLA-B	8	1237	31321857
HLA-B	8	1236	31321858
HLA-B	8	1235	31321859
HLA-B	8	1234	31321860
HLA-B	8	1233	31321861
HLA-B	8	1232	31321862
HLA-B	8	1231	31321863
HLA-B	8	1230	31321864
HLA-B	8	1229	31321865
HLA-B	8	1228	31321866
HLA-B	8	1227	31321867
HLA-B	8	1226	31321868
HLA-B	8	1225	31321869
HLA-B	8	1224	31321870
HLA-B	8	1223	31321871
HLA-B	8	1222	31321872
HLA-B	8	1221	31321873
HLA-B	8	1220	31321874
HLA-B	8	1219	31321875
HLA-B	8	1218	31321876
HLA-B	8	1217	31321877
HLA-B	8	1216	31321878
HLA-B	8	1215	31321879
HLA-B	8	1214	31321880
HLA-B	8	1213	31321881
HLA-B	8	1212	31321882
HLA-B	8	1211	31321883
HLA-B	8	1210	31321884
HLA-B	8	1209	31321885
HLA-B	8	1208	31321886
HLA-B	8	1207	31321887
HLA-B	8	1206	31321888
HLA-B	8	1205	31321889
HLA-B	8	1204	31321890
HLA-B	8	1203	31321891
HLA-B	8	1202	31321892
HLA-B	8	1201	31321893
HLA-B	8	1200	31321894
HLA-B	8	1199	31321895
HLA-B	8	1198	31321896
HLA-B	8	1197	31321897
HLA-B	8	1196	31321898
HLA-B	8	1195	31321899
HLA-B	8	1194	31321900
HLA-B	8	1193	31321901
HLA-B	8	1192	31321902
HLA-B	8	1191	31321903
HLA-B	8	1190	31321904
HLA-B	8	1189	31321905
HLA-B	8	1188	31321906
HLA-B	8	1187	31321907
HLA-B	8	1186	31321908
HLA-B	8	1185	31321909
HLA-B	8	1184	31321910
HLA-B	8	1183	31321911
HLA-B	8	1182	31321912
HLA-B	8	1181	31321913
HLA-B	8	1180	31321914
HLA-B	8	1179	31321915
HLA-B	8	1178	31321916
HLA-B	8	1177	31321917
HLA-B	8	1176	31321918
HLA-B	8	1175	31321919
HLA-B	8	1174	31321920
HLA-B	8	1173	31321921
HLA-B	8	1172	31321922
HLA-B	8	1171	31321923
HLA-B	8	1170	31321924
HLA-B	8	1169	31321925
HLA-B	8	1168	31321926
HLA-B	8	1167	31321927
HLA-B	8	1166	31321928
HLA-B	8	1165	31321929
HLA-B	8	1164	31321930
HLA-B	8	1163	31321931
HLA-B	8	1162	31321932
HLA-B	8	1161	31321933
HLA-B	8	1160	31321934
HLA-B	8	1159	31321935
HLA-B	8	1158	31321936
HLA-B	8	1157	31321937
HLA-B	8	1156	31321938
HLA-B	8	1155	31321939
HLA-B	8	1154	31321940
HLA-B	8	1153	31321941
HLA-B	8	1152	31321942
HLA-B	8	1151	31321943
HLA-B	8	1150	31321944
HLA-B	8	1149	31321945
HLA-B	8	1148	31321946
HLA-B	8	1147	31321947
HLA-B	8	1146	31321948
HLA-B	8	1145	31321949
HLA-B	8	1144	31321950
HLA-B	8	1143	31321951
HLA-B	8	1142	31321952
HLA-B	8	1141	31321953
HLA-B	8	1140	31321954
HLA-B	8	1139	31321955
HLA-B	8	1138	31321956
HLA-B	8	1137	31321957
HLA-B	8	1136	31321958
HLA-B	8	1135	31321959
HLA-B	8	1134	31321960
HLA-B	8	1133	31321961
HLA-B	8	1132	31321962
HLA-B	8	1131	31321963
HLA-B	8	1130	31321964
HLA-B	8	1129	31321965
HLA-B	8	1128	31321966
HLA-B	8	1127	31321967
HLA-B	8	1126	31321968
HLA-B	8	1125	31321969
HLA-B	8	1124	31321970
HLA-B	8	1123	31321971
HLA-B	8	1122	31321972
HLA-B	8	1121	31321973
HLA-B	8	1120	31321974
HLA-B	8	1119	31321975
HLA-B	8	1118	31321976
HLA-B	8	1117	31321977
HLA-B	8	1116	31321978
HLA-B	8	1115	31321979
HLA-B	8	1114	31321980
HLA-B	8	1113	31321981
HLA-B	8	1112	31321982
HLA-B	8	1111	31321983
HLA-B	8	1110	31321984
HLA-B	8	1109	31321985
HLA-B	8	1108	31321986
HLA-B	8	1107	31321987
HLA-B	8	1106	31321988
HLA-B	8	1105	31321989
HLA-B	8	1104	31321990
HLA-B	8	1103	31321991
HLA-B	8	1102	31321992
HLA-B	8	1101	31321993
HLA-B	8	1100	31321994
HLA-B	8	1099	31321995
HLA-B	8	1098	31321996
HLA-B	8	1097	31321997
HLA-B	8	1096	31321998
HLA-B	8	1095	31321999
HLA-B	8	1094	31322000
HLA-B	8	1093	31322001
HLA-B	8	1092	31322002
HLA-B	8	1091	31322003
HLA-B	8	1090	31322004
HLA-B	8	1089	31322005
HLA-B	8	1088	31322006
HLA-B	8	1087	31322007
HLA-B	8	1086	31322008
HLA-B	8	1085	31322009
HLA-B	8	1084	31322010
HLA-B	8	1083	31322011
HLA-B	8	1082	31322012
HLA-B	8	1081	31322013
HLA-B	8	1080	31322014
HLA-B	8	1079	31322015
HLA-B	8	1078	31322016
HLA-B	8	1077	31322017
HLA-B	8	1076	31322018
HLA-B	8	1075	31322019
HLA-B	8	1074	31322020
HLA-B	8	1073	31322021
HLA-B	8	1072	31322022
HLA-B	8	1071	31322023
HLA-B	8	1070	31322024
HLA-B	8	1069	31322025
HLA-B	8	1068	31322026
HLA-B	8	1067	31322027
HLA-B	8	1066	31322028
HLA-B	8	1065	31322029
HLA-B	8	1064	31322030
HLA-B	8	1063	31322031
HLA-B	8	1062	31322032
HLA-B	8	1061	31322033
HLA-B	8	1060	31322034
HLA-B	8	1059	31322035
HLA-B	8	1058	31322036
HLA-B	8	1057	31322037
HLA-B	8	1056	31322038
HLA-B	8	1055	31322039
HLA-B	8	1054	31322040
HLA-B	8	1053	31322041
HLA-B	8	1052	31322042
HLA-B	8	1051	31322043
HLA-B	8	1050	31322044
HLA-B	8	1049	31322045
HLA-B	8	1048	31322046
HLA-B	8	1047	31322047
HLA-B	8	1046	31322048
HLA-B	8	1045	31322049
HLA-B	8	1044	31322050
HLA-B	8	1043	31322051
HLA-B	8	1042	31322052
HLA-B	8	1041	31322053
HLA-B	8	1040	31322054
HLA-B	8	1039	31322055
HLA-B	8	1038	31322056
HLA-B	8	1037	31322057
HLA-B	8	1036	31322058
HLA-B	8	1035	31322059
HLA-B	8	1034	31322060
HLA-B	8	1033	31322061
HLA-B	8	1032	31322062
HLA-B	8	1031	31322063
HLA-B	8	1030	31322064
HLA-B	8	1029	31322065
HLA-B	8	1028	31322066
HLA-B	8	1027	31322067
HLA-B	8	1026	31322068
HLA-B	8	1025	31322069
HLA-B	8	1024	31322070
HLA-B	8	1023	31322071
HLA-B	8	1022	31322072
HLA-B	8	1021	31322073
HLA-B	7	1020	31322256
HLA-B	7	1019	31322257
HLA-B	7	1018	31322258
HLA-B	7	1017	31322259
HLA-B	7	1016	31322260
HLA-B	7	1015	31322261
HLA-B	7	1014	31322262
HLA-B	7	1013	31322263
HLA-B	7	1012	31322264
HLA-B	7	1011	31322265
HLA-B	7	1010	31322266
HLA-B	7	1009	31322267
HLA-B	7	1008	31322268
HLA-B	7	1007	31322269
HLA-B	7	1006	31322270
HLA-B	7	1005	31322271
HLA-B	7	1004	31322272
HLA-B	7	1003	31322273
HLA-B	7	1002	31322274
HLA-B	7	1001	31322275
HLA-B	7	1000	31322276
HLA-B	7	999	31322277
HLA-B	7	998	31322278
HLA-B	7	997	31322279
HLA-B	7	996	31322280
HLA-B	7	995	31322281
HLA-B	7	994	31322282
HLA-B	7	993	31322283
HLA-B	7	992	31322284
HLA-B	7	991	31322285
HLA-B	7	990	31322286
HLA-B	7	989	31322287
HLA-B	7	988	31322288
HLA-B	7	987	31322289
HLA-B	7	986	31322290
HLA-B	7	985	31322291
HLA-B	7	984	31322292
HLA-B	7	983	31322293
HLA-B	7	982	31322294
HLA-B	7	981	31322295
HLA-B	7	980	31322296
HLA-B	7	979	31322297
HLA-B	7	978	31322298
HLA-B	7	977	31322299
HLA-B	7	976	31322300
HLA-B	7	975	31322301
HLA-B	7	974	31322302
HLA-B	7	973	31322303
HLA-B	6	972	31322410
HLA-B	6	971	31322411
HLA-B	6	970	31322412
HLA-B	6	969	31322413
HLA-B	6	968	31322414
HLA-B	6	967	31322415
HLA-B	6	966	31322416
HLA-B	6	965	31322417
HLA-B	6	964	31322418
HLA-B	6	963	31322419
HLA-B	6	962	31322420
HLA-B	6	961	31322421
HLA-B	6	960	31322422
HLA-B	6	959	31322423
HLA-B	6	958	31322424
HLA-B	6	957	31322425
HLA-B	6	956	31322426
HLA-B	6	955	31322427
HLA-B	6	954	31322428
HLA-B	6	953	31322429
HLA-B	6	952	31322430
HLA-B	6	951	31322431
HLA-B	6	950	31322432
HLA-B	6	949	31322433
HLA-B	6	948	31322434
HLA-B	6	947	31322435
HLA-B	6	946	31322436
HLA-B	6	945	31322437
HLA-B	6	944	31322438
HLA-B	6	943	31322439
HLA-B	6	942	31322440
HLA-B	6	941	31322441
HLA-B	6	940	31322442
HLA-B	5	939	31322884
HLA-B	5	938	31322885
HLA-B	5	937	31322886
HLA-B	5	936	31322887
HLA-B	5	935	31322888
HLA-B	5	934	31322889
HLA-B	5	933	31322890
HLA-B	5	932	31322891
HLA-B	5	931	31322892
HLA-B	5	930	31322893
HLA-B	5	929	31322894
HLA-B	5	928	31322895
HLA-B	5	927	31322896
HLA-B	5	926	31322897
HLA-B	5	925	31322898
HLA-B	5	924	31322899
HLA-B	5	923	31322900
HLA-B	5	922	31322901
HLA-B	5	921	31322902
HLA-B	5	920	31322903
HLA-B	5	919	31322904
HLA-B	5	918	31322905
HLA-B	5	917	31322906
HLA-B	5	916	31322907
HLA-B	5	915	31322908
HLA-B	5	914	31322909
HLA-B	5	913	31322910
HLA-B	5	912	31322911
HLA-B	5	911	31322912
HLA-B	5	910	31322913
HLA-B	5	909	31322914
HLA-B	5	908	31322915
HLA-B	5	907	31322916
HLA-B	5	906	31322917
HLA-B	5	905	31322918
HLA-B	5	904	31322919
HLA-B	5	903	31322920
HLA-B	5	902	31322921
HLA-B	5	901	31322922
HLA-B	5	900	31322923
HLA-B	5	899	31322924
HLA-B	5	898	31322925
HLA-B	5	897	31322926
HLA-B	5	896	31322927
HLA-B	5	895	31322928
HLA-B	5	894	31322929
HLA-B	5	893	31322930
HLA-B	5	892	31322931
HLA-B	5	891	31322932
HLA-B	5	890	31322933
HLA-B	5	889	31322934
HLA-B	5	888	31322935
HLA-B	5	887	31322936
HLA-B	5	886	31322937
HLA-B	5	885	31322938
HLA-B	5	884	31322939
HLA-B	5	883	31322940
HLA-B	5	882	31322941
HLA-B	5	881	31322942
HLA-B	5	880	31322943
HLA-B	5	879	31322944
HLA-B	5	878	31322945
HLA-B	5	877	31322946
HLA-B	5	876	31322947
HLA-B	5	875	31322948
HLA-B	5	874	31322949
HLA-B	5	873	31322950
HLA-B	5	872	31322951
HLA-B	5	871	31322952
HLA-B	5	870	31322953
HLA-B	5	869	31322954
HLA-B	5	868	31322955
HLA-B	5	867	31322956
HLA-B	5	866	31322957
HLA-B	5	865	31322958
HLA-B	5	864	31322959
HLA-B	5	863	31322960
HLA-B	5	862	31322961
HLA-B	5	861	31322962
HLA-B	5	860	31322963
HLA-B	5	859	31322964
HLA-B	5	858	31322965
HLA-B	5	857	31322966
HLA-B	5	856	31322967
HLA-B	5	855	31322968
HLA-B	5	854	31322969
HLA-B	5	853	31322970
HLA-B	5	852	31322971
HLA-B	5	851	31322972
HLA-B	5	850	31322973
HLA-B	5	849	31322974
HLA-B	5	848	31322975
HLA-B	5	847	31322976
HLA-B	5	846	31322977
HLA-B	5	845	31322978
HLA-B	5	844	31322979
HLA-B	5	843	31322980
HLA-B	5	842	31322981
HLA-B	5	841	31322982
HLA-B	5	840	31322983
HLA-B	5	839	31322984
HLA-B	5	838	31322985
HLA-B	5	837	31322986
HLA-B	5	836	31322987
HLA-B	5	835	31322988
HLA-B	5	834	31322989
HLA-B	5	833	31322990
HLA-B	5	832	31322991
HLA-B	5	831	31322992
HLA-B	5	830	31322993
HLA-B	5	829	31322994
HLA-B	5	828	31322995
HLA-B	5	827	31322996
HLA-B	5	826	31322997
HLA-B	5	825	31322998
HLA-B	5	824	31322999
HLA-B	5	823	31323000
HLA-B	4	822	31323094
HLA-B	4	821	31323095
HLA-B	4	820	31323096
HLA-B	4	819	31323097
HLA-B	4	818	31323098
HLA-B	4	817	31323099
HLA-B	4	816	31323100
HLA-B	4	815	31323101
HLA-B	4	814	31323102
HLA-B	4	813	31323103
HLA-B	4	812	31323104
HLA-B	4	811	31323105
HLA-B	4	810	31323106
HLA-B	4	809	31323107
HLA-B	4	808	31323108
HLA-B	4	807	31323109
HLA-B	4	806	31323110
HLA-B	4	805	31323111
HLA-B	4	804	31323112
HLA-B	4	803	31323113
HLA-B	4	802	31323114
HLA-B	4	801	31323115
HLA-B	4	800	31323116
HLA-B	4	799	31323117
HLA-B	4	798	31323118
HLA-B	4	797	31323119
HLA-B	4	796	31323120
HLA-B	4	795	31323121
HLA-B	4	794	31323122
HLA-B	4	793	31323123
HLA-B	4	792	31323124
HLA-B	4	791	31323125
HLA-B	4	790	31323126
HLA-B	4	789	31323127
HLA-B	4	788	31323128
HLA-B	4	787	31323129
HLA-B	4	786	31323130
HLA-B	4	785	31323131
HLA-B	4	784	31323132
HLA-B	4	783	31323133
HLA-B	4	782	31323134
HLA-B	4	781	31323135
HLA-B	4	780	31323136
HLA-B	4	779	31323137
HLA-B	4	778	31323138
HLA-B	4	777	31323139
HLA-B	4	776	31323140
HLA-B	4	775	31323141
HLA-B	4	774	31323142
HLA-B	4	773	31323143
HLA-B	4	772	31323144
HLA-B	4	771	31323145
HLA-B	4	770	31323146
HLA-B	4	769	31323147
HLA-B	4	768	31323148
HLA-B	4	767	31323149
HLA-B	4	766	31323150
HLA-B	4	765	31323151
HLA-B	4	764	31323152
HLA-B	4	763	31323153
HLA-B	4	762	31323154
HLA-B	4	761	31323155
HLA-B	4	760	31323156
HLA-B	4	759	31323157
HLA-B	4	758	31323158
HLA-B	4	757	31323159
HLA-B	4	756	31323160
HLA-B	4	755	31323161
HLA-B	4	754	31323162
HLA-B	4	753	31323163
HLA-B	4	752	31323164
HLA-B	4	751	31323165
HLA-B	4	750	31323166
HLA-B	4	749	31323167
HLA-B	4	748	31323168
HLA-B	4	747	31323169
HLA-B	4	746	31323170
HLA-B	4	745	31323171
HLA-B	4	744	31323172
HLA-B	4	743	31323173
HLA-B	4	742	31323174
HLA-B	4	741	31323175
HLA-B	4	740	31323176
HLA-B	4	739	31323177
HLA-B	4	738	31323178
HLA-B	4	737	31323179
HLA-B	4	736	31323180
HLA-B	4	735	31323181
HLA-B	4	734	31323182
HLA-B	4	733	31323183
HLA-B	4	732	31323184
HLA-B	4	731	31323185
HLA-B	4	730	31323186
HLA-B	4	729	31323187
HLA-B	4	728	31323188
HLA-B	4	727	31323189
HLA-B	4	726	31323190
HLA-B	4	725	31323191
HLA-B	4	724	31323192
HLA-B	4	723	31323193
HLA-B	4	722	31323194
HLA-B	4	721	31323195
HLA-B	4	720	31323196
HLA-B	4	719	31323197
HLA-B	4	718	31323198
HLA-B	4	717	31323199
HLA-B	4	716	31323200
HLA-B	4	715	31323201
HLA-B	4	714	31323202
HLA-B	4	713	31323203
HLA-B	4	712	31323204
HLA-B	4	711	31323205
HLA-B	4	710	31323206
HLA-B	4	709	31323207
HLA-B	4	708	31323208
HLA-B	4	707	31323209
HLA-B	4	706	31323210
HLA-B	4	705	31323211
HLA-B	4	704	31323212
HLA-B	4	703	31323213
HLA-B	4	702	31323214
HLA-B	4	701	31323215
HLA-B	4	700	31323216
HLA-B	4	699	31323217
HLA-B	4	698	31323218
HLA-B	4	697	31323219
HLA-B	4	696	31323220
HLA-B	4	695	31323221
HLA-B	4	694	31323222
HLA-B	4	693	31323223
HLA-B	4	692	31323224
HLA-B	4	691	31323225
HLA-B	4	690	31323226
HLA-B	4	689	31323227
HLA-B	4	688	31323228
HLA-B	4	687	31323229
HLA-B	4	686	31323230
HLA-B	4	685	31323231
HLA-B	4	684	31323232
HLA-B	4	683	31323233
HLA-B	4	682	31323234
HLA-B	4	681	31323235
HLA-B	4	680	31323236
HLA-B	4	679	31323237
HLA-B	4	678	31323238
HLA-B	4	677	31323239
HLA-B	4	676	31323240
HLA-B	4	675	31323241
HLA-B	4	674	31323242
HLA-B	4	673	31323243
HLA-B	4	672	31323244
HLA-B	4	671	31323245
HLA-B	4	670	31323246
HLA-B	4	669	31323247
HLA-B	4	668	31323248
HLA-B	4	667	31323249
HLA-B	4	666	31323250
HLA-B	4	665	31323251
HLA-B	4	664	31323252
HLA-B	4	663	31323253
HLA-B	4	662	31323254
HLA-B	4	661	31323255
HLA-B	4	660	31323256
HLA-B	4	659	31323257
HLA-B	4	658	31323258
HLA-B	4	657	31323259
HLA-B	4	656	31323260
HLA-B	4	655	31323261
HLA-B	4	654	31323262
HLA-B	4	653	31323263
HLA-B	4	652	31323264
HLA-B	4	651	31323265
HLA-B	4	650	31323266
HLA-B	4	649	31323267
HLA-B	4	648	31323268
HLA-B	4	647	31323269
HLA-B	4	646	31323270
HLA-B	4	645	31323271
HLA-B	4	644	31323272
HLA-B	4	643	31323273
HLA-B	4	642	31323274
HLA-B	4	641	31323275
HLA-B	4	640	31323276
HLA-B	4	639	31323277
HLA-B	4	638	31323278
HLA-B	4	637	31323279
HLA-B	4	636	31323280
HLA-B	4	635	31323281
HLA-B	4	634	31323282
HLA-B	4	633	31323283
HLA-B	4	632	31323284
HLA-B	4	631	31323285
HLA-B	4	630	31323286
HLA-B	4	629	31323287
HLA-B	4	628	31323288
HLA-B	4	627	31323289
HLA-B	4	626	31323290
HLA-B	4	625	31323291
HLA-B	4	624	31323292
HLA-B	4	623	31323293
HLA-B	4	622	31323294
HLA-B	4	621	31323295
HLA-B	4	620	31323296
HLA-B	4	619	31323297
HLA-B	4	618	31323298
HLA-B	4	617	31323299
HLA-B	4	616	31323300
HLA-B	4	615	31323301
HLA-B	4	614	31323302
HLA-B	4	613	31323303
HLA-B	4	612	31323304
HLA-B	4	611	31323305
HLA-B	4	610	31323306
HLA-B	4	609	31323307
HLA-B	4	608	31323308
HLA-B	4	607	31323309
HLA-B	4	606	31323310
HLA-B	4	605	31323311
HLA-B	4	604	31323312
HLA-B	4	603	31323313
HLA-B	4	602	31323314
HLA-B	4	601	31323315
HLA-B	4	600	31323316
HLA-B	4	599	31323317
HLA-B	4	598	31323318
HLA-B	4	597	31323319
HLA-B	4	596	31323320
HLA-B	4	595	31323321
HLA-B	4	594	31323322
HLA-B	4	593	31323323
HLA-B	4	592	31323324
HLA-B	4	591	31323325
HLA-B	4	590	31323326
HLA-B	4	589	31323327
HLA-B	4	588	31323328
HLA-B	4	587	31323329
HLA-B	4	586	31323330
HLA-B	4	585	31323331
HLA-B	4	584	31323332
HLA-B	4	583	31323333
HLA-B	4	582	31323334
HLA-B	4	581	31323335
HLA-B	4	580	31323336
HLA-B	4	579	31323337
HLA-B	4	578	31323338
HLA-B	4	577	31323339
HLA-B	4	576	31323340
HLA-B	4	575	31323341
HLA-B	4	574	31323342
HLA-B	4	573	31323343
HLA-B	4	572	31323344
HLA-B	4	571	31323345
HLA-B	4	570	31323346
HLA-B	4	569	31323347
HLA-B	4	568	31323348
HLA-B	4	567	31323349
HLA-B	4	566	31323350
HLA-B	4	565	31323351
HLA-B	4	564	31323352
HLA-B	4	563	31323353
HLA-B	4	562	31323354
HLA-B	4	561	31323355
HLA-B	4	560	31323356
HLA-B	4	559	31323357
HLA-B	4	558	31323358
HLA-B	4	557	31323359
HLA-B	4	556	31323360
HLA-B	4	555	31323361
HLA-B	4	554	31323362
HLA-B	4	553	31323363
HLA-B	4	552	31323364
HLA-B	4	551	31323365
HLA-B	4	550	31323366
HLA-B	4	549	31323367
HLA-B	4	548	31323368
HLA-B	4	547	31323369
HLA-B	3	546	31323944
HLA-B	3	545	31323945
HLA-B	3	544	31323946
HLA-B	3	543	31323947
HLA-B	3	542	31323948
HLA-B	3	541	31323949
HLA-B	3	540	31323950
HLA-B	3	539	31323951
HLA-B	3	538	31323952
HLA-B	3	537	31323953
HLA-B	3	536	31323954
HLA-B	3	535	31323955
HLA-B	3	534	31323956
HLA-B	3	533	31323957
HLA-B	3	532	31323958
HLA-B	3	531	31323959
HLA-B	3	530	31323960
HLA-B	3	529	31323961
HLA-B	3	528	31323962
HLA-B	3	527	31323963
HLA-B	3	526	31323964
HLA-B	3	525	31323965
HLA-B	3	524	31323966
HLA-B	3	523	31323967
HLA-B	3	522	31323968
HLA-B	3	521	31323969
HLA-B	3	520	31323970
HLA-B	3	519	31323971
HLA-B	3	518	31323972
HLA-B	3	517	31323973
HLA-B	3	516	31323974
HLA-B	3	515	31323975
HLA-B	3	514	31323976
HLA-B	3	513	31323977
HLA-B	3	512	31323978
HLA-B	3	511	31323979
HLA-B	3	510	31323980
HLA-B	3	509	31323981
HLA-B	3	508	31323982
HLA-B	3	507	31323983
HLA-B	3	506	31323984
HLA-B	3	505	31323985
HLA-B	3	504	31323986
HLA-B	3	503	31323987
HLA-B	3	502	31323988
HLA-B	3	501	31323989
HLA-B	3	500	31323990
HLA-B	3	499	31323991
HLA-B	3	498	31323992
HLA-B	3	497	31323993
HLA-B	3	496	31323994
HLA-B	3	495	31323995
HLA-B	3	494	31323996
HLA-B	3	493	31323997
HLA-B	3	492	31323998
HLA-B	3	491	31323999
HLA-B	3	490	31324000
HLA-B	3	489	31324001
HLA-B	3	488	31324002
HLA-B	3	487	31324003
HLA-B	3	486	31324004
HLA-B	3	485	31324005
HLA-B	3	484	31324006
HLA-B	3	483	31324007
HLA-B	3	482	31324008
HLA-B	3	481	31324009
HLA-B	3	480	31324010
HLA-B	3	479	31324011
HLA-B	3	478	31324012
HLA-B	3	477	31324013
HLA-B	3	476	31324014
HLA-B	3	475	31324015
HLA-B	3	474	31324016
HLA-B	3	473	31324017
HLA-B	3	472	31324018
HLA-B	3	471	31324019
HLA-B	3	470	31324020
HLA-B	3	469	31324021
HLA-B	3	468	31324022
HLA-B	3	467	31324023
HLA-B	3	466	31324024
HLA-B	3	465	31324025
HLA-B	3	464	31324026
HLA-B	3	463	31324027
HLA-B	3	462	31324028
HLA-B	3	461	31324029
HLA-B	3	460	31324030
HLA-B	3	459	31324031
HLA-B	3	458	31324032
HLA-B	3	457	31324033
HLA-B	3	456	31324034
HLA-B	3	455	31324035
HLA-B	3	454	31324036
HLA-B	3	453	31324037
HLA-B	3	452	31324038
HLA-B	3	451	31324039
HLA-B	3	450	31324040
HLA-B	3	449	31324041
HLA-B	3	448	31324042
HLA-B	3	447	31324043
HLA-B	3	446	31324044
HLA-B	3	445	31324045
HLA-B	3	444	31324046
HLA-B	3	443	31324047
HLA-B	3	442	31324048
HLA-B	3	441	31324049
HLA-B	3	440	31324050
HLA-B	3	439	31324051
HLA-B	3	438	31324052
HLA-B	3	437	31324053
HLA-B	3	436	31324054
HLA-B	3	435	31324055
HLA-B	3	434	31324056
HLA-B	3	433	31324057
HLA-B	3	432	31324058
HLA-B	3	431	31324059
HLA-B	3	430	31324060
HLA-B	3	429	31324061
HLA-B	3	428	31324062
HLA-B	3	427	31324063
HLA-B	3	426	31324064
HLA-B	3	425	31324065
HLA-B	3	424	31324066
HLA-B	3	423	31324067
HLA-B	3	422	31324068
HLA-B	3	421	31324069
HLA-B	3	420	31324070
HLA-B	3	419	31324071
HLA-B	3	418	31324072
HLA-B	3	417	31324073
HLA-B	3	416	31324074
HLA-B	3	415	31324075
HLA-B	3	414	31324076
HLA-B	3	413	31324077
HLA-B	3	412	31324078
HLA-B	3	411	31324079
HLA-B	3	410	31324080
HLA-B	3	409	31324081
HLA-B	3	408	31324082
HLA-B	3	407	31324083
HLA-B	3	406	31324084
HLA-B	3	405	31324085
HLA-B	3	404	31324086
HLA-B	3	403	31324087
HLA-B	3	402	31324088
HLA-B	3	401	31324089
HLA-B	3	400	31324090
HLA-B	3	399	31324091
HLA-B	3	398	31324092
HLA-B	3	397	31324093
HLA-B	3	396	31324094
HLA-B	3	395	31324095
HLA-B	3	394	31324096
HLA-B	3	393	31324097
HLA-B	3	392	31324098
HLA-B	3	391	31324099
HLA-B	3	390	31324100
HLA-B	3	389	31324101
HLA-B	3	388	31324102
HLA-B	3	387	31324103
HLA-B	3	386	31324104
HLA-B	3	385	31324105
HLA-B	3	384	31324106
HLA-B	3	383	31324107
HLA-B	3	382	31324108
HLA-B	3	381	31324109
HLA-B	3	380	31324110
HLA-B	3	379	31324111
HLA-B	3	378	31324112
HLA-B	3	377	31324113
HLA-B	3	376	31324114
HLA-B	3	375	31324115
HLA-B	3	374	31324116
HLA-B	3	373	31324117
HLA-B	3	372	31324118
HLA-B	3	371	31324119
HLA-B	3	370	31324120
HLA-B	3	369	31324121
HLA-B	3	368	31324122
HLA-B	3	367	31324123
HLA-B	3	366	31324124
HLA-B	3	365	31324125
HLA-B	3	364	31324126
HLA-B	3	363	31324127
HLA-B	3	362	31324128
HLA-B	3	361	31324129
HLA-B	3	360	31324130
HLA-B	3	359	31324131
HLA-B	3	358	31324132
HLA-B	3	357	31324133
HLA-B	3	356	31324134
HLA-B	3	355	31324135
HLA-B	3	354	31324136
HLA-B	3	353	31324137
HLA-B	3	352	31324138
HLA-B	3	351	31324139
HLA-B	3	350	31324140
HLA-B	3	349	31324141
HLA-B	3	348	31324142
HLA-B	3	347	31324143
HLA-B	3	346	31324144
HLA-B	3	345	31324145
HLA-B	3	344	31324146
HLA-B	3	343	31324147
HLA-B	3	342	31324148
HLA-B	3	341	31324149
HLA-B	3	340	31324150
HLA-B	3	339	31324151
HLA-B	3	338	31324152
HLA-B	3	337	31324153
HLA-B	3	336	31324154
HLA-B	3	335	31324155
HLA-B	3	334	31324156
HLA-B	3	333	31324157
HLA-B	3	332	31324158
HLA-B	3	331	31324159
HLA-B	3	330	31324160
HLA-B	3	329	31324161
HLA-B	3	328	31324162
HLA-B	3	327	31324163
HLA-B	3	326	31324164
HLA-B	3	325	31324165
HLA-B	3	324	31324166
HLA-B	3	323	31324167
HLA-B	3	322	31324168
HLA-B	3	321	31324169
HLA-B	3	320	31324170
HLA-B	3	319	31324171
HLA-B	3	318	31324172
HLA-B	3	317	31324173
HLA-B	3	316	31324174
HLA-B	3	315	31324175
HLA-B	3	314	31324176
HLA-B	3	313	31324177
HLA-B	3	312	31324178
HLA-B	3	311	31324179
HLA-B	3	310	31324180
HLA-B	3	309	31324181
HLA-B	3	308	31324182
HLA-B	3	307	31324183
HLA-B	3	306	31324184
HLA-B	3	305	31324185
HLA-B	3	304	31324186
HLA-B	3	303	31324187
HLA-B	3	302	31324188
HLA-B	3	301	31324189
HLA-B	3	300	31324190
HLA-B	3	299	31324191
HLA-B	3	298	31324192
HLA-B	3	297	31324193
HLA-B	3	296	31324194
HLA-B	3	295	31324195
HLA-B	3	294	31324196
HLA-B	3	293	31324197
HLA-B	3	292	31324198
HLA-B	3	291	31324199
HLA-B	3	290	31324200
HLA-B	3	289	31324201
HLA-B	3	288	31324202
HLA-B	3	287	31324203
HLA-B	3	286	31324204
HLA-B	3	285	31324205
HLA-B	3	284	31324206
HLA-B	3	283	31324207
HLA-B	3	282	31324208
HLA-B	3	281	31324209
HLA-B	3	280	31324210
HLA-B	3	279	31324211
HLA-B	3	278	31324212
HLA-B	3	277	31324213
HLA-B	3	276	31324214
HLA-B	3	275	31324215
HLA-B	3	274	31324216
HLA-B	3	273	31324217
HLA-B	3	272	31324218
HLA-B	3	271	31324219
HLA-B	2	270	31324465
HLA-B	2	269	31324466
HLA-B	2	268	31324467
HLA-B	2	267	31324468
HLA-B	2	266	31324469
HLA-B	2	265	31324470
HLA-B	2	264	31324471
HLA-B	2	263	31324472
HLA-B	2	262	31324473
HLA-B	2	261	31324474
HLA-B	2	260	31324475
HLA-B	2	259	31324476
HLA-B	2	258	31324477
HLA-B	2	257	31324478
HLA-B	2	256	31324479
HLA-B	2	255	31324480
HLA-B	2	254	31324481
HLA-B	2	253	31324482
HLA-B	2	252	31324483
HLA-B	2	251	31324484
HLA-B	2	250	31324485
HLA-B	2	249	31324486
HLA-B	2	248	31324487
HLA-B	2	247	31324488
HLA-B	2	246	31324489
HLA-B	2	245	31324490
HLA-B	2	244	31324491
HLA-B	2	243	31324492
HLA-B	2	242	31324493
HLA-B	2	241	31324494
HLA-B	2	240	31324495
HLA-B	2	239	31324496
HLA-B	2	238	31324497
HLA-B	2	237	31324498
HLA-B	2	236	31324499
HLA-B	2	235	31324500
HLA-B	2	234	31324501
HLA-B	2	233	31324502
HLA-B	2	232	31324503
HLA-B	2	231	31324504
HLA-B	2	230	31324505
HLA-B	2	229	31324506
HLA-B	2	228	31324507
HLA-B	2	227	31324508
HLA-B	2	226	31324509
HLA-B	2	225	31324510
HLA-B	2	224	31324511
HLA-B	2	223	31324512
HLA-B	2	222	31324513
HLA-B	2	221	31324514
HLA-B	2	220	31324515
HLA-B	2	219	31324516
HLA-B	2	218	31324517
HLA-B	2	217	31324518
HLA-B	2	216	31324519
HLA-B	2	215	31324520
HLA-B	2	214	31324521
HLA-B	2	213	31324522
HLA-B	2	212	31324523
HLA-B	2	211	31324524
HLA-B	2	210	31324525
HLA-B	2	209	31324526
HLA-B	2	208	31324527
HLA-B	2	207	31324528
HLA-B	2	206	31324529
HLA-B	2	205	31324530
HLA-B	2	204	31324531
HLA-B	2	203	31324532
HLA-B	2	202	31324533
HLA-B	2	201	31324534
HLA-B	2	200	31324535
HLA-B	2	199	31324536
HLA-B	2	198	31324537
HLA-B	2	197	31324538
HLA-B	2	196	31324539
HLA-B	2	195	31324540
HLA-B	2	194	31324541
HLA-B	2	193	31324542
HLA-B	2	192	31324543
HLA-B	2	191	31324544
HLA-B	2	190	31324545
HLA-B	2	189	31324546
HLA-B	2	188	31324547
HLA-B	2	187	31324548
HLA-B	2	186	31324549
HLA-B	2	185	31324550
HLA-B	2	184	31324551
HLA-B	2	183	31324552
HLA-B	2	182	31324553
HLA-B	2	181	31324554
HLA-B	2	180	31324555
HLA-B	2	179	31324556
HLA-B	2	178	31324557
HLA-B	2	177	31324558
HLA-B	2	176	31324559
HLA-B	2	175	31324560
HLA-B	2	174	31324561
HLA-B	2	173	31324562
HLA-B	2	172	31324563
HLA-B	2	171	31324564
HLA-B	2	170	31324565
HLA-B	2	169	31324566
HLA-B	2	168	31324567
HLA-B	2	167	31324568
HLA-B	2	166	31324569
HLA-B	2	165	31324570
HLA-B	2	164	31324571
HLA-B	2	163	31324572
HLA-B	2	162	31324573
HLA-B	2	161	31324574
HLA-B	2	160	31324575
HLA-B	2	159	31324576
HLA-B	2	158	31324577
HLA-B	2	157	31324578
HLA-B	2	156	31324579
HLA-B	2	155	31324580
HLA-B	2	154	31324581
HLA-B	2	153	31324582
HLA-B	2	152	31324583
HLA-B	2	151	31324584
HLA-B	2	150	31324585
HLA-B	2	149	31324586
HLA-B	2	148	31324587
HLA-B	2	147	31324588
HLA-B	2	146	31324589
HLA-B	2	145	31324590
HLA-B	2	144	31324591
HLA-B	2	143	31324592
HLA-B	2	142	31324593
HLA-B	2	141	31324594
HLA-B	2	140	31324595
HLA-B	2	139	31324596
HLA-B	2	138	31324597
HLA-B	2	137	31324598
HLA-B	2	136	31324599
HLA-B	2	135	31324600
HLA-B	2	134	31324601
HLA-B	2	133	31324602
HLA-B	2	132	31324603
HLA-B	2	131	31324604
HLA-B	2	130	31324605
HLA-B	2	129	31324606
HLA-B	2	128	31324607
HLA-B	2	127	31324608
HLA-B	2	126	31324609
HLA-B	2	125	31324610
HLA-B	2	124	31324611
HLA-B	2	123	31324612
HLA-B	2	122	31324613
HLA-B	2	121	31324614
HLA-B	2	120	31324615
HLA-B	2	119	31324616
HLA-B	2	118	31324617
HLA-B	2	117	31324618
HLA-B	2	116	31324619
HLA-B	2	115	31324620
HLA-B	2	114	31324621
HLA-B	2	113	31324622
HLA-B	2	112	31324623
HLA-B	2	111	31324624
HLA-B	2	110	31324625
HLA-B	2	109	31324626
HLA-B	2	108	31324627
HLA-B	2	107	31324628
HLA-B	2	106	31324629
HLA-B	2	105	31324630
HLA-B	2	104	31324631
HLA-B	2	103	31324632
HLA-B	2	102	31324633
HLA-B	2	101	31324634
HLA-B	2	100	31324635
HLA-B	2	99	31324636
HLA-B	2	98	31324637
HLA-B	2	97	31324638
HLA-B	2	96	31324639
HLA-B	2	95	31324640
HLA-B	2	94	31324641
HLA-B	2	93	31324642
HLA-B	2	92	31324643
HLA-B	2	91	31324644
HLA-B	2	90	31324645
HLA-B	2	89	31324646
HLA-B	2	88	31324647
HLA-B	2	87	31324648
HLA-B	2	86	31324649
HLA-B	2	85	31324650
HLA-B	2	84	31324651
HLA-B	2	83	31324652
HLA-B	2	82	31324653
HLA-B	2	81	31324654
HLA-B	2	80	31324655
HLA-B	2	79	31324656
HLA-B	2	78	31324657
HLA-B	2	77	31324658
HLA-B	2	76	31324659
HLA-B	2	75	31324660
HLA-B	2	74	31324661
HLA-B	2	73	31324662
HLA-B	2	72	31324663
HLA-B	2	71	31324664
HLA-B	2	70	31324665
HLA-B	2	69	31324666
HLA-B	2	68	31324667
HLA-B	2	67	31324668
HLA-B	2	66	31324669
HLA-B	2	65	31324670
HLA-B	2	64	31324671
HLA-B	2	63	31324672
HLA-B	2	62	31324673
HLA-B	2	61	31324674
HLA-B	2	60	31324675
HLA-B	2	59	31324676
HLA-B	2	58	31324677
HLA-B	2	57	31324678
HLA-B	2	56	31324679
HLA-B	2	55	31324680
HLA-B	2	54	31324681
HLA-B	2	53	31324682
HLA-B	2	52	31324683
HLA-B	2	51	31324684
HLA-B	2	50	31324685
HLA-B	2	49	31324686
HLA-B	2	48	31324687
HLA-B	2	47	31324688
HLA-B	2	46	31324689
HLA-B	2	45	31324690
HLA-B	2	44	31324691
HLA-B	2	43	31324692
HLA-B	2	42	31324693
HLA-B	2	41	31324694
HLA-B	2	40	31324695
HLA-B	2	39	31324696
HLA-B	2	38	31324697
HLA-B	2	37	31324698
HLA-B	2	36	31324699
HLA-B	2	35	31324700
HLA-B	2	34	31324701
HLA-B	2	33	31324702
HLA-B	2	32	31324703
HLA-B	2	31	31324704
HLA-B	2	30	31324705
HLA-B	2	29	31324706
HLA-B	2	28	31324707
HLA-B	2	27	31324708
HLA-B	2	26	31324709
HLA-B	2	25	31324710
HLA-B	2	24	31324711
HLA-B	2	23	31324712
HLA-B	2	22	31324713
HLA-B	2	21	31324714
HLA-B	2	20	31324715
HLA-B	2	19	31324716
HLA-B	2	18	31324717
HLA-B	2	17	31324718
HLA-B	2	16	31324719
HLA-B	2	15	31324720
HLA-B	2	14	31324721
HLA-B	2	13	31324722
HLA-B	2	12	31324723
HLA-B	2	11	31324724
HLA-B	2	10	31324725
HLA-B	2	9	31324726
HLA-B	2	8	31324727
HLA-B	2	7	31324728
HLA-B	2	6	31324729
HLA-B	2	5	31324730
HLA-B	2	4	31324731
HLA-B	2	3	31324732
HLA-B	2	2	31324733
HLA-B	2	1	31324734
HLA-C	8	1448	31236526
HLA-C	8	1447	31236527
HLA-C	8	1446	31236528
HLA-C	8	1445	31236529
HLA-C	8	1444	31236530
HLA-C	8	1443	31236531
HLA-C	8	1442	31236532
HLA-C	8	1441	31236533
HLA-C	8	1440	31236534
HLA-C	8	1439	31236535
HLA-C	8	1438	31236536
HLA-C	8	1437	31236537
HLA-C	8	1436	31236538
HLA-C	8	1435	31236539
HLA-C	8	1434	31236540
HLA-C	8	1433	31236541
HLA-C	8	1432	31236542
HLA-C	8	1431	31236543
HLA-C	8	1430	31236544
HLA-C	8	1429	31236545
HLA-C	8	1428	31236546
HLA-C	8	1427	31236547
HLA-C	8	1426	31236548
HLA-C	8	1425	31236549
HLA-C	8	1424	31236550
HLA-C	8	1423	31236551
HLA-C	8	1422	31236552
HLA-C	8	1421	31236553
HLA-C	8	1420	31236554
HLA-C	8	1419	31236555
HLA-C	8	1418	31236556
HLA-C	8	1417	31236557
HLA-C	8	1416	31236558
HLA-C	8	1415	31236559
HLA-C	8	1414	31236560
HLA-C	8	1413	31236561
HLA-C	8	1412	31236562
HLA-C	8	1411	31236563
HLA-C	8	1410	31236564
HLA-C	8	1409	31236565
HLA-C	8	1408	31236566
HLA-C	8	1407	31236567
HLA-C	8	1406	31236568
HLA-C	8	1405	31236569
HLA-C	8	1404	31236570
HLA-C	8	1403	31236571
HLA-C	8	1402	31236572
HLA-C	8	1401	31236573
HLA-C	8	1400	31236574
HLA-C	8	1399	31236575
HLA-C	8	1398	31236576
HLA-C	8	1397	31236577
HLA-C	8	1396	31236578
HLA-C	8	1395	31236579
HLA-C	8	1394	31236580
HLA-C	8	1393	31236581
HLA-C	8	1392	31236582
HLA-C	8	1391	31236583
HLA-C	8	1390	31236584
HLA-C	8	1389	31236585
HLA-C	8	1388	31236586
HLA-C	8	1387	31236587
HLA-C	8	1386	31236588
HLA-C	8	1385	31236589
HLA-C	8	1384	31236590
HLA-C	8	1383	31236591
HLA-C	8	1382	31236592
HLA-C	8	1381	31236593
HLA-C	8	1380	31236594
HLA-C	8	1379	31236595
HLA-C	8	1378	31236596
HLA-C	8	1377	31236597
HLA-C	8	1376	31236598
HLA-C	8	1375	31236599
HLA-C	8	1374	31236600
HLA-C	8	1373	31236601
HLA-C	8	1372	31236602
HLA-C	8	1371	31236603
HLA-C	8	1370	31236604
HLA-C	8	1369	31236605
HLA-C	8	1368	31236606
HLA-C	8	1367	31236607
HLA-C	8	1366	31236608
HLA-C	8	1365	31236609
HLA-C	8	1364	31236610
HLA-C	8	1363	31236611
HLA-C	8	1362	31236612
HLA-C	8	1361	31236613
HLA-C	8	1360	31236614
HLA-C	8	1359	31236615
HLA-C	8	1358	31236616
HLA-C	8	1357	31236617
HLA-C	8	1356	31236618
HLA-C	8	1355	31236619
HLA-C	8	1354	31236620
HLA-C	8	1353	31236621
HLA-C	8	1352	31236622
HLA-C	8	1351	31236623
HLA-C	8	1350	31236624
HLA-C	8	1349	31236625
HLA-C	8	1348	31236626
HLA-C	8	1347	31236627
HLA-C	8	1346	31236628
HLA-C	8	1345	31236629
HLA-C	8	1344	31236630
HLA-C	8	1343	31236631
HLA-C	8	1342	31236632
HLA-C	8	1341	31236633
HLA-C	8	1340	31236634
HLA-C	8	1339	31236635
HLA-C	8	1338	31236636
HLA-C	8	1337	31236637
HLA-C	8	1336	31236638
HLA-C	8	1335	31236639
HLA-C	8	1334	31236640
HLA-C	8	1333	31236641
HLA-C	8	1332	31236642
HLA-C	8	1331	31236643
HLA-C	8	1330	31236644
HLA-C	8	1329	31236645
HLA-C	8	1328	31236646
HLA-C	8	1327	31236647
HLA-C	8	1326	31236648
HLA-C	8	1325	31236649
HLA-C	8	1324	31236650
HLA-C	8	1323	31236651
HLA-C	8	1322	31236652
HLA-C	8	1321	31236653
HLA-C	8	1320	31236654
HLA-C	8	1319	31236655
HLA-C	8	1318	31236656
HLA-C	8	1317	31236657
HLA-C	8	1316	31236658
HLA-C	8	1315	31236659
HLA-C	8	1314	31236660
HLA-C	8	1313	31236661
HLA-C	8	1312	31236662
HLA-C	8	1311	31236663
HLA-C	8	1310	31236664
HLA-C	8	1309	31236665
HLA-C	8	1308	31236666
HLA-C	8	1307	31236667
HLA-C	8	1306	31236668
HLA-C	8	1305	31236669
HLA-C	8	1304	31236670
HLA-C	8	1303	31236671
HLA-C	8	1302	31236672
HLA-C	8	1301	31236673
HLA-C	8	1300	31236674
HLA-C	8	1299	31236675
HLA-C	8	1298	31236676
HLA-C	8	1297	31236677
HLA-C	8	1296	31236678
HLA-C	8	1295	31236679
HLA-C	8	1294	31236680
HLA-C	8	1293	31236681
HLA-C	8	1292	31236682
HLA-C	8	1291	31236683
HLA-C	8	1290	31236684
HLA-C	8	1289	31236685
HLA-C	8	1288	31236686
HLA-C	8	1287	31236687
HLA-C	8	1286	31236688
HLA-C	8	1285	31236689
HLA-C	8	1284	31236690
HLA-C	8	1283	31236691
HLA-C	8	1282	31236692
HLA-C	8	1281	31236693
HLA-C	8	1280	31236694
HLA-C	8	1279	31236695
HLA-C	8	1278	31236696
HLA-C	8	1277	31236697
HLA-C	8	1276	31236698
HLA-C	8	1275	31236699
HLA-C	8	1274	31236700
HLA-C	8	1273	31236701
HLA-C	8	1272	31236702
HLA-C	8	1271	31236703
HLA-C	8	1270	31236704
HLA-C	8	1269	31236705
HLA-C	8	1268	31236706
HLA-C	8	1267	31236707
HLA-C	8	1266	31236708
HLA-C	8	1265	31236709
HLA-C	8	1264	31236710
HLA-C	8	1263	31236711
HLA-C	8	1262	31236712
HLA-C	8	1261	31236713
HLA-C	8	1260	31236714
HLA-C	8	1259	31236715
HLA-C	8	1258	31236716
HLA-C	8	1257	31236717
HLA-C	8	1256	31236718
HLA-C	8	1255	31236719
HLA-C	8	1254	31236720
HLA-C	8	1253	31236721
HLA-C	8	1252	31236722
HLA-C	8	1251	31236723
HLA-C	8	1250	31236724
HLA-C	8	1249	31236725
HLA-C	8	1248	31236726
HLA-C	8	1247	31236727
HLA-C	8	1246	31236728
HLA-C	8	1245	31236729
HLA-C	8	1244	31236730
HLA-C	8	1243	31236731
HLA-C	8	1242	31236732
HLA-C	8	1241	31236733
HLA-C	8	1240	31236734
HLA-C	8	1239	31236735
HLA-C	8	1238	31236736
HLA-C	8	1237	31236737
HLA-C	8	1236	31236738
HLA-C	8	1235	31236739
HLA-C	8	1234	31236740
HLA-C	8	1233	31236741
HLA-C	8	1232	31236742
HLA-C	8	1231	31236743
HLA-C	8	1230	31236744
HLA-C	8	1229	31236745
HLA-C	8	1228	31236746
HLA-C	8	1227	31236747
HLA-C	8	1226	31236748
HLA-C	8	1225	31236749
HLA-C	8	1224	31236750
HLA-C	8	1223	31236751
HLA-C	8	1222	31236752
HLA-C	8	1221	31236753
HLA-C	8	1220	31236754
HLA-C	8	1219	31236755
HLA-C	8	1218	31236756
HLA-C	8	1217	31236757
HLA-C	8	1216	31236758
HLA-C	8	1215	31236759
HLA-C	8	1214	31236760
HLA-C	8	1213	31236761
HLA-C	8	1212	31236762
HLA-C	8	1211	31236763
HLA-C	8	1210	31236764
HLA-C	8	1209	31236765
HLA-C	8	1208	31236766
HLA-C	8	1207	31236767
HLA-C	8	1206	31236768
HLA-C	8	1205	31236769
HLA-C	8	1204	31236770
HLA-C	8	1203	31236771
HLA-C	8	1202	31236772
HLA-C	8	1201	31236773
HLA-C	8	1200	31236774
HLA-C	8	1199	31236775
HLA-C	8	1198	31236776
HLA-C	8	1197	31236777
HLA-C	8	1196	31236778
HLA-C	8	1195	31236779
HLA-C	8	1194	31236780
HLA-C	8	1193	31236781
HLA-C	8	1192	31236782
HLA-C	8	1191	31236783
HLA-C	8	1190	31236784
HLA-C	8	1189	31236785
HLA-C	8	1188	31236786
HLA-C	8	1187	31236787
HLA-C	8	1186	31236788
HLA-C	8	1185	31236789
HLA-C	8	1184	31236790
HLA-C	8	1183	31236791
HLA-C	8	1182	31236792
HLA-C	8	1181	31236793
HLA-C	8	1180	31236794
HLA-C	8	1179	31236795
HLA-C	8	1178	31236796
HLA-C	8	1177	31236797
HLA-C	8	1176	31236798
HLA-C	8	1175	31236799
HLA-C	8	1174	31236800
HLA-C	8	1173	31236801
HLA-C	8	1172	31236802
HLA-C	8	1171	31236803
HLA-C	8	1170	31236804
HLA-C	8	1169	31236805
HLA-C	8	1168	31236806
HLA-C	8	1167	31236807
HLA-C	8	1166	31236808
HLA-C	8	1165	31236809
HLA-C	8	1164	31236810
HLA-C	8	1163	31236811
HLA-C	8	1162	31236812
HLA-C	8	1161	31236813
HLA-C	8	1160	31236814
HLA-C	8	1159	31236815
HLA-C	8	1158	31236816
HLA-C	8	1157	31236817
HLA-C	8	1156	31236818
HLA-C	8	1155	31236819
HLA-C	8	1154	31236820
HLA-C	8	1153	31236821
HLA-C	8	1152	31236822
HLA-C	8	1151	31236823
HLA-C	8	1150	31236824
HLA-C	8	1149	31236825
HLA-C	8	1148	31236826
HLA-C	8	1147	31236827
HLA-C	8	1146	31236828
HLA-C	8	1145	31236829
HLA-C	8	1144	31236830
HLA-C	8	1143	31236831
HLA-C	8	1142	31236832
HLA-C	8	1141	31236833
HLA-C	8	1140	31236834
HLA-C	8	1139	31236835
HLA-C	8	1138	31236836
HLA-C	8	1137	31236837
HLA-C	8	1136	31236838
HLA-C	8	1135	31236839
HLA-C	8	1134	31236840
HLA-C	8	1133	31236841
HLA-C	8	1132	31236842
HLA-C	8	1131	31236843
HLA-C	8	1130	31236844
HLA-C	8	1129	31236845
HLA-C	8	1128	31236846
HLA-C	8	1127	31236847
HLA-C	8	1126	31236848
HLA-C	8	1125	31236849
HLA-C	8	1124	31236850
HLA-C	8	1123	31236851
HLA-C	8	1122	31236852
HLA-C	8	1121	31236853
HLA-C	8	1120	31236854
HLA-C	8	1119	31236855
HLA-C	8	1118	31236856
HLA-C	8	1117	31236857
HLA-C	8	1116	31236858
HLA-C	8	1115	31236859
HLA-C	8	1114	31236860
HLA-C	8	1113	31236861
HLA-C	8	1112	31236862
HLA-C	8	1111	31236863
HLA-C	8	1110	31236864
HLA-C	8	1109	31236865
HLA-C	8	1108	31236866
HLA-C	8	1107	31236867
HLA-C	8	1106	31236868
HLA-C	8	1105	31236869
HLA-C	8	1104	31236870
HLA-C	8	1103	31236871
HLA-C	8	1102	31236872
HLA-C	8	1101	31236873
HLA-C	8	1100	31236874
HLA-C	8	1099	31236875
HLA-C	8	1098	31236876
HLA-C	8	1097	31236877
HLA-C	8	1096	31236878
HLA-C	8	1095	31236879
HLA-C	8	1094	31236880
HLA-C	8	1093	31236881
HLA-C	8	1092	31236882
HLA-C	8	1091	31236883
HLA-C	8	1090	31236884
HLA-C	8	1089	31236885
HLA-C	8	1088	31236886
HLA-C	8	1087	31236887
HLA-C	8	1086	31236888
HLA-C	8	1085	31236889
HLA-C	8	1084	31236890
HLA-C	8	1083	31236891
HLA-C	8	1082	31236892
HLA-C	8	1081	31236893
HLA-C	8	1080	31236894
HLA-C	8	1079	31236895
HLA-C	8	1078	31236896
HLA-C	8	1077	31236897
HLA-C	8	1076	31236898
HLA-C	8	1075	31236899
HLA-C	8	1074	31236900
HLA-C	8	1073	31236901
HLA-C	8	1072	31236902
HLA-C	8	1071	31236903
HLA-C	8	1070	31236904
HLA-C	8	1069	31236905
HLA-C	8	1068	31236906
HLA-C	8	1067	31236907
HLA-C	8	1066	31236908
HLA-C	8	1065	31236909
HLA-C	8	1064	31236910
HLA-C	8	1063	31236911
HLA-C	8	1062	31236912
HLA-C	8	1061	31236913
HLA-C	8	1060	31236914
HLA-C	8	1059	31236915
HLA-C	8	1058	31236916
HLA-C	8	1057	31236917
HLA-C	8	1056	31236918
HLA-C	8	1055	31236919
HLA-C	8	1054	31236920
HLA-C	8	1053	31236921
HLA-C	8	1052	31236922
HLA-C	8	1051	31236923
HLA-C	8	1050	31236924
HLA-C	8	1049	31236925
HLA-C	8	1048	31236926
HLA-C	8	1047	31236927
HLA-C	8	1046	31236928
HLA-C	8	1045	31236929
HLA-C	8	1044	31236930
HLA-C	8	1043	31236931
HLA-C	8	1042	31236932
HLA-C	8	1041	31236933
HLA-C	8	1040	31236934
HLA-C	8	1039	31236935
HLA-C	8	1038	31236936
HLA-C	8	1037	31236937
HLA-C	8	1036	31236938
HLA-C	8	1035	31236939
HLA-C	8	1034	31236940
HLA-C	8	1033	31236941
HLA-C	8	1032	31236942
HLA-C	8	1031	31236943
HLA-C	8	1030	31236944
HLA-C	8	1029	31236945
HLA-C	8	1028	31236946
HLA-C	8	1027	31236947
HLA-C	8	1026	31236948
HLA-C	8	1025	31236949
HLA-C	8	1024	31236950
HLA-C	7	1023	31237115
HLA-C	7	1022	31237116
HLA-C	7	1021	31237117
HLA-C	7	1020	31237118
HLA-C	7	1019	31237119
HLA-C	7	1018	31237120
HLA-C	7	1017	31237121
HLA-C	7	1016	31237122
HLA-C	7	1015	31237123
HLA-C	7	1014	31237124
HLA-C	7	1013	31237125
HLA-C	7	1012	31237126
HLA-C	7	1011	31237127
HLA-C	7	1010	31237128
HLA-C	7	1009	31237129
HLA-C	7	1008	31237130
HLA-C	7	1007	31237131
HLA-C	7	1006	31237132
HLA-C	7	1005	31237133
HLA-C	7	1004	31237134
HLA-C	7	1003	31237135
HLA-C	7	1002	31237136
HLA-C	7	1001	31237137
HLA-C	7	1000	31237138
HLA-C	7	999	31237139
HLA-C	7	998	31237140
HLA-C	7	997	31237141
HLA-C	7	996	31237142
HLA-C	7	995	31237143
HLA-C	7	994	31237144
HLA-C	7	993	31237145
HLA-C	7	992	31237146
HLA-C	7	991	31237147
HLA-C	7	990	31237148
HLA-C	7	989	31237149
HLA-C	7	988	31237150
HLA-C	7	987	31237151
HLA-C	7	986	31237152
HLA-C	7	985	31237153
HLA-C	7	984	31237154
HLA-C	7	983	31237155
HLA-C	7	982	31237156
HLA-C	7	981	31237157
HLA-C	7	980	31237158
HLA-C	7	979	31237159
HLA-C	7	978	31237160
HLA-C	7	977	31237161
HLA-C	7	976	31237162
HLA-C	6	975	31237270
HLA-C	6	974	31237271
HLA-C	6	973	31237272
HLA-C	6	972	31237273
HLA-C	6	971	31237274
HLA-C	6	970	31237275
HLA-C	6	969	31237276
HLA-C	6	968	31237277
HLA-C	6	967	31237278
HLA-C	6	966	31237279
HLA-C	6	965	31237280
HLA-C	6	964	31237281
HLA-C	6	963	31237282
HLA-C	6	962	31237283
HLA-C	6	961	31237284
HLA-C	6	960	31237285
HLA-C	6	959	31237286
HLA-C	6	958	31237287
HLA-C	6	957	31237288
HLA-C	6	956	31237289
HLA-C	6	955	31237290
HLA-C	6	954	31237291
HLA-C	6	953	31237292
HLA-C	6	952	31237293
HLA-C	6	951	31237294
HLA-C	6	950	31237295
HLA-C	6	949	31237296
HLA-C	6	948	31237297
HLA-C	6	947	31237298
HLA-C	6	946	31237299
HLA-C	6	945	31237300
HLA-C	6	944	31237301
HLA-C	6	943	31237302
HLA-C	5	942	31237743
HLA-C	5	941	31237744
HLA-C	5	940	31237745
HLA-C	5	939	31237746
HLA-C	5	938	31237747
HLA-C	5	937	31237748
HLA-C	5	936	31237749
HLA-C	5	935	31237750
HLA-C	5	934	31237751
HLA-C	5	933	31237752
HLA-C	5	932	31237753
HLA-C	5	931	31237754
HLA-C	5	930	31237755
HLA-C	5	929	31237756
HLA-C	5	928	31237757
HLA-C	5	927	31237758
HLA-C	5	926	31237759
HLA-C	5	925	31237760
HLA-C	5	924	31237761
HLA-C	5	923	31237762
HLA-C	5	922	31237763
HLA-C	5	921	31237764
HLA-C	5	920	31237765
HLA-C	5	919	31237766
HLA-C	5	918	31237767
HLA-C	5	917	31237768
HLA-C	5	916	31237769
HLA-C	5	915	31237770
HLA-C	5	914	31237771
HLA-C	5	913	31237772
HLA-C	5	912	31237773
HLA-C	5	911	31237774
HLA-C	5	910	31237775
HLA-C	5	909	31237776
HLA-C	5	908	31237777
HLA-C	5	907	31237778
HLA-C	5	906	31237779
HLA-C	5	905	31237780
HLA-C	5	904	31237781
HLA-C	5	903	31237782
HLA-C	5	902	31237783
HLA-C	5	901	31237784
HLA-C	5	900	31237785
HLA-C	5	899	31237786
HLA-C	5	898	31237787
HLA-C	5	897	31237788
HLA-C	5	896	31237789
HLA-C	5	895	31237790
HLA-C	5	894	31237791
HLA-C	5	893	31237792
HLA-C	5	892	31237793
HLA-C	5	891	31237794
HLA-C	5	890	31237795
HLA-C	5	889	31237796
HLA-C	5	888	31237797
HLA-C	5	887	31237798
HLA-C	5	886	31237799
HLA-C	5	885	31237800
HLA-C	5	884	31237801
HLA-C	5	883	31237802
HLA-C	5	882	31237803
HLA-C	5	881	31237804
HLA-C	5	880	31237805
HLA-C	5	879	31237806
HLA-C	5	878	31237807
HLA-C	5	877	31237808
HLA-C	5	876	31237809
HLA-C	5	875	31237810
HLA-C	5	874	31237811
HLA-C	5	873	31237812
HLA-C	5	872	31237813
HLA-C	5	871	31237814
HLA-C	5	870	31237815
HLA-C	5	869	31237816
HLA-C	5	868	31237817
HLA-C	5	867	31237818
HLA-C	5	866	31237819
HLA-C	5	865	31237820
HLA-C	5	864	31237821
HLA-C	5	863	31237822
HLA-C	5	862	31237823
HLA-C	5	861	31237824
HLA-C	5	860	31237825
HLA-C	5	859	31237826
HLA-C	5	858	31237827
HLA-C	5	857	31237828
HLA-C	5	856	31237829
HLA-C	5	855	31237830
HLA-C	5	854	31237831
HLA-C	5	853	31237832
HLA-C	5	852	31237833
HLA-C	5	851	31237834
HLA-C	5	850	31237835
HLA-C	5	849	31237836
HLA-C	5	848	31237837
HLA-C	5	847	31237838
HLA-C	5	846	31237839
HLA-C	5	845	31237840
HLA-C	5	844	31237841
HLA-C	5	843	31237842
HLA-C	5	842	31237843
HLA-C	5	841	31237844
HLA-C	5	840	31237845
HLA-C	5	839	31237846
HLA-C	5	838	31237847
HLA-C	5	837	31237848
HLA-C	5	836	31237849
HLA-C	5	835	31237850
HLA-C	5	834	31237851
HLA-C	5	833	31237852
HLA-C	5	832	31237853
HLA-C	5	831	31237854
HLA-C	5	830	31237855
HLA-C	5	829	31237856
HLA-C	5	828	31237857
HLA-C	5	827	31237858
HLA-C	5	826	31237859
HLA-C	5	825	31237860
HLA-C	5	824	31237861
HLA-C	5	823	31237862
HLA-C	4	822	31237987
HLA-C	4	821	31237988
HLA-C	4	820	31237989
HLA-C	4	819	31237990
HLA-C	4	818	31237991
HLA-C	4	817	31237992
HLA-C	4	816	31237993
HLA-C	4	815	31237994
HLA-C	4	814	31237995
HLA-C	4	813	31237996
HLA-C	4	812	31237997
HLA-C	4	811	31237998
HLA-C	4	810	31237999
HLA-C	4	809	31238000
HLA-C	4	808	31238001
HLA-C	4	807	31238002
HLA-C	4	806	31238003
HLA-C	4	805	31238004
HLA-C	4	804	31238005
HLA-C	4	803	31238006
HLA-C	4	802	31238007
HLA-C	4	801	31238008
HLA-C	4	800	31238009
HLA-C	4	799	31238010
HLA-C	4	798	31238011
HLA-C	4	797	31238012
HLA-C	4	796	31238013
HLA-C	4	795	31238014
HLA-C	4	794	31238015
HLA-C	4	793	31238016
HLA-C	4	792	31238017
HLA-C	4	791	31238018
HLA-C	4	790	31238019
HLA-C	4	789	31238020
HLA-C	4	788	31238021
HLA-C	4	787	31238022
HLA-C	4	786	31238023
HLA-C	4	785	31238024
HLA-C	4	784	31238025
HLA-C	4	783	31238026
HLA-C	4	782	31238027
HLA-C	4	781	31238028
HLA-C	4	780	31238029
HLA-C	4	779	31238030
HLA-C	4	778	31238031
HLA-C	4	777	31238032
HLA-C	4	776	31238033
HLA-C	4	775	31238034
HLA-C	4	774	31238035
HLA-C	4	773	31238036
HLA-C	4	772	31238037
HLA-C	4	771	31238038
HLA-C	4	770	31238039
HLA-C	4	769	31238040
HLA-C	4	768	31238041
HLA-C	4	767	31238042
HLA-C	4	766	31238043
HLA-C	4	765	31238044
HLA-C	4	764	31238045
HLA-C	4	763	31238046
HLA-C	4	762	31238047
HLA-C	4	761	31238048
HLA-C	4	760	31238049
HLA-C	4	759	31238050
HLA-C	4	758	31238051
HLA-C	4	757	31238052
HLA-C	4	756	31238053
HLA-C	4	755	31238054
HLA-C	4	754	31238055
HLA-C	4	753	31238056
HLA-C	4	752	31238057
HLA-C	4	751	31238058
HLA-C	4	750	31238059
HLA-C	4	749	31238060
HLA-C	4	748	31238061
HLA-C	4	747	31238062
HLA-C	4	746	31238063
HLA-C	4	745	31238064
HLA-C	4	744	31238065
HLA-C	4	743	31238066
HLA-C	4	742	31238067
HLA-C	4	741	31238068
HLA-C	4	740	31238069
HLA-C	4	739	31238070
HLA-C	4	738	31238071
HLA-C	4	737	31238072
HLA-C	4	736	31238073
HLA-C	4	735	31238074
HLA-C	4	734	31238075
HLA-C	4	733	31238076
HLA-C	4	732	31238077
HLA-C	4	731	31238078
HLA-C	4	730	31238079
HLA-C	4	729	31238080
HLA-C	4	728	31238081
HLA-C	4	727	31238082
HLA-C	4	726	31238083
HLA-C	4	725	31238084
HLA-C	4	724	31238085
HLA-C	4	723	31238086
HLA-C	4	722	31238087
HLA-C	4	721	31238088
HLA-C	4	720	31238089
HLA-C	4	719	31238090
HLA-C	4	718	31238091
HLA-C	4	717	31238092
HLA-C	4	716	31238093
HLA-C	4	715	31238094
HLA-C	4	714	31238095
HLA-C	4	713	31238096
HLA-C	4	712	31238097
HLA-C	4	711	31238098
HLA-C	4	710	31238099
HLA-C	4	709	31238100
HLA-C	4	708	31238101
HLA-C	4	707	31238102
HLA-C	4	706	31238103
HLA-C	4	705	31238104
HLA-C	4	704	31238105
HLA-C	4	703	31238106
HLA-C	4	702	31238107
HLA-C	4	701	31238108
HLA-C	4	700	31238109
HLA-C	4	699	31238110
HLA-C	4	698	31238111
HLA-C	4	697	31238112
HLA-C	4	696	31238113
HLA-C	4	695	31238114
HLA-C	4	694	31238115
HLA-C	4	693	31238116
HLA-C	4	692	31238117
HLA-C	4	691	31238118
HLA-C	4	690	31238119
HLA-C	4	689	31238120
HLA-C	4	688	31238121
HLA-C	4	687	31238122
HLA-C	4	686	31238123
HLA-C	4	685	31238124
HLA-C	4	684	31238125
HLA-C	4	683	31238126
HLA-C	4	682	31238127
HLA-C	4	681	31238128
HLA-C	4	680	31238129
HLA-C	4	679	31238130
HLA-C	4	678	31238131
HLA-C	4	677	31238132
HLA-C	4	676	31238133
HLA-C	4	675	31238134
HLA-C	4	674	31238135
HLA-C	4	673	31238136
HLA-C	4	672	31238137
HLA-C	4	671	31238138
HLA-C	4	670	31238139
HLA-C	4	669	31238140
HLA-C	4	668	31238141
HLA-C	4	667	31238142
HLA-C	4	666	31238143
HLA-C	4	665	31238144
HLA-C	4	664	31238145
HLA-C	4	663	31238146
HLA-C	4	662	31238147
HLA-C	4	661	31238148
HLA-C	4	660	31238149
HLA-C	4	659	31238150
HLA-C	4	658	31238151
HLA-C	4	657	31238152
HLA-C	4	656	31238153
HLA-C	4	655	31238154
HLA-C	4	654	31238155
HLA-C	4	653	31238156
HLA-C	4	652	31238157
HLA-C	4	651	31238158
HLA-C	4	650	31238159
HLA-C	4	649	31238160
HLA-C	4	648	31238161
HLA-C	4	647	31238162
HLA-C	4	646	31238163
HLA-C	4	645	31238164
HLA-C	4	644	31238165
HLA-C	4	643	31238166
HLA-C	4	642	31238167
HLA-C	4	641	31238168
HLA-C	4	640	31238169
HLA-C	4	639	31238170
HLA-C	4	638	31238171
HLA-C	4	637	31238172
HLA-C	4	636	31238173
HLA-C	4	635	31238174
HLA-C	4	634	31238175
HLA-C	4	633	31238176
HLA-C	4	632	31238177
HLA-C	4	631	31238178
HLA-C	4	630	31238179
HLA-C	4	629	31238180
HLA-C	4	628	31238181
HLA-C	4	627	31238182
HLA-C	4	626	31238183
HLA-C	4	625	31238184
HLA-C	4	624	31238185
HLA-C	4	623	31238186
HLA-C	4	622	31238187
HLA-C	4	621	31238188
HLA-C	4	620	31238189
HLA-C	4	619	31238190
HLA-C	4	618	31238191
HLA-C	4	617	31238192
HLA-C	4	616	31238193
HLA-C	4	615	31238194
HLA-C	4	614	31238195
HLA-C	4	613	31238196
HLA-C	4	612	31238197
HLA-C	4	611	31238198
HLA-C	4	610	31238199
HLA-C	4	609	31238200
HLA-C	4	608	31238201
HLA-C	4	607	31238202
HLA-C	4	606	31238203
HLA-C	4	605	31238204
HLA-C	4	604	31238205
HLA-C	4	603	31238206
HLA-C	4	602	31238207
HLA-C	4	601	31238208
HLA-C	4	600	31238209
HLA-C	4	599	31238210
HLA-C	4	598	31238211
HLA-C	4	597	31238212
HLA-C	4	596	31238213
HLA-C	4	595	31238214
HLA-C	4	594	31238215
HLA-C	4	593	31238216
HLA-C	4	592	31238217
HLA-C	4	591	31238218
HLA-C	4	590	31238219
HLA-C	4	589	31238220
HLA-C	4	588	31238221
HLA-C	4	587	31238222
HLA-C	4	586	31238223
HLA-C	4	585	31238224
HLA-C	4	584	31238225
HLA-C	4	583	31238226
HLA-C	4	582	31238227
HLA-C	4	581	31238228
HLA-C	4	580	31238229
HLA-C	4	579	31238230
HLA-C	4	578	31238231
HLA-C	4	577	31238232
HLA-C	4	576	31238233
HLA-C	4	575	31238234
HLA-C	4	574	31238235
HLA-C	4	573	31238236
HLA-C	4	572	31238237
HLA-C	4	571	31238238
HLA-C	4	570	31238239
HLA-C	4	569	31238240
HLA-C	4	568	31238241
HLA-C	4	567	31238242
HLA-C	4	566	31238243
HLA-C	4	565	31238244
HLA-C	4	564	31238245
HLA-C	4	563	31238246
HLA-C	4	562	31238247
HLA-C	4	561	31238248
HLA-C	4	560	31238249
HLA-C	4	559	31238250
HLA-C	4	558	31238251
HLA-C	4	557	31238252
HLA-C	4	556	31238253
HLA-C	4	555	31238254
HLA-C	4	554	31238255
HLA-C	4	553	31238256
HLA-C	4	552	31238257
HLA-C	4	551	31238258
HLA-C	4	550	31238259
HLA-C	4	549	31238260
HLA-C	4	548	31238261
HLA-C	4	547	31238262
HLA-C	3	546	31238850
HLA-C	3	545	31238851
HLA-C	3	544	31238852
HLA-C	3	543	31238853
HLA-C	3	542	31238854
HLA-C	3	541	31238855
HLA-C	3	540	31238856
HLA-C	3	539	31238857
HLA-C	3	538	31238858
HLA-C	3	537	31238859
HLA-C	3	536	31238860
HLA-C	3	535	31238861
HLA-C	3	534	31238862
HLA-C	3	533	31238863
HLA-C	3	532	31238864
HLA-C	3	531	31238865
HLA-C	3	530	31238866
HLA-C	3	529	31238867
HLA-C	3	528	31238868
HLA-C	3	527	31238869
HLA-C	3	526	31238870
HLA-C	3	525	31238871
HLA-C	3	524	31238872
HLA-C	3	523	31238873
HLA-C	3	522	31238874
HLA-C	3	521	31238875
HLA-C	3	520	31238876
HLA-C	3	519	31238877
HLA-C	3	518	31238878
HLA-C	3	517	31238879
HLA-C	3	516	31238880
HLA-C	3	515	31238881
HLA-C	3	514	31238882
HLA-C	3	513	31238883
HLA-C	3	512	31238884
HLA-C	3	511	31238885
HLA-C	3	510	31238886
HLA-C	3	509	31238887
HLA-C	3	508	31238888
HLA-C	3	507	31238889
HLA-C	3	506	31238890
HLA-C	3	505	31238891
HLA-C	3	504	31238892
HLA-C	3	503	31238893
HLA-C	3	502	31238894
HLA-C	3	501	31238895
HLA-C	3	500	31238896
HLA-C	3	499	31238897
HLA-C	3	498	31238898
HLA-C	3	497	31238899
HLA-C	3	496	31238900
HLA-C	3	495	31238901
HLA-C	3	494	31238902
HLA-C	3	493	31238903
HLA-C	3	492	31238904
HLA-C	3	491	31238905
HLA-C	3	490	31238906
HLA-C	3	489	31238907
HLA-C	3	488	31238908
HLA-C	3	487	31238909
HLA-C	3	486	31238910
HLA-C	3	485	31238911
HLA-C	3	484	31238912
HLA-C	3	483	31238913
HLA-C	3	482	31238914
HLA-C	3	481	31238915
HLA-C	3	480	31238916
HLA-C	3	479	31238917
HLA-C	3	478	31238918
HLA-C	3	477	31238919
HLA-C	3	476	31238920
HLA-C	3	475	31238921
HLA-C	3	474	31238922
HLA-C	3	473	31238923
HLA-C	3	472	31238924
HLA-C	3	471	31238925
HLA-C	3	470	31238926
HLA-C	3	469	31238927
HLA-C	3	468	31238928
HLA-C	3	467	31238929
HLA-C	3	466	31238930
HLA-C	3	465	31238931
HLA-C	3	464	31238932
HLA-C	3	463	31238933
HLA-C	3	462	31238934
HLA-C	3	461	31238935
HLA-C	3	460	31238936
HLA-C	3	459	31238937
HLA-C	3	458	31238938
HLA-C	3	457	31238939
HLA-C	3	456	31238940
HLA-C	3	455	31238941
HLA-C	3	454	31238942
HLA-C	3	453	31238943
HLA-C	3	452	31238944
HLA-C	3	451	31238945
HLA-C	3	450	31238946
HLA-C	3	449	31238947
HLA-C	3	448	31238948
HLA-C	3	447	31238949
HLA-C	3	446	31238950
HLA-C	3	445	31238951
HLA-C	3	444	31238952
HLA-C	3	443	31238953
HLA-C	3	442	31238954
HLA-C	3	441	31238955
HLA-C	3	440	31238956
HLA-C	3	439	31238957
HLA-C	3	438	31238958
HLA-C	3	437	31238959
HLA-C	3	436	31238960
HLA-C	3	435	31238961
HLA-C	3	434	31238962
HLA-C	3	433	31238963
HLA-C	3	432	31238964
HLA-C	3	431	31238965
HLA-C	3	430	31238966
HLA-C	3	429	31238967
HLA-C	3	428	31238968
HLA-C	3	427	31238969
HLA-C	3	426	31238970
HLA-C	3	425	31238971
HLA-C	3	424	31238972
HLA-C	3	423	31238973
HLA-C	3	422	31238974
HLA-C	3	421	31238975
HLA-C	3	420	31238976
HLA-C	3	419	31238977
HLA-C	3	418	31238978
HLA-C	3	417	31238979
HLA-C	3	416	31238980
HLA-C	3	415	31238981
HLA-C	3	414	31238982
HLA-C	3	413	31238983
HLA-C	3	412	31238984
HLA-C	3	411	31238985
HLA-C	3	410	31238986
HLA-C	3	409	31238987
HLA-C	3	408	31238988
HLA-C	3	407	31238989
HLA-C	3	406	31238990
HLA-C	3	405	31238991
HLA-C	3	404	31238992
HLA-C	3	403	31238993
HLA-C	3	402	31238994
HLA-C	3	401	31238995
HLA-C	3	400	31238996
HLA-C	3	399	31238997
HLA-C	3	398	31238998
HLA-C	3	397	31238999
HLA-C	3	396	31239000
HLA-C	3	395	31239001
HLA-C	3	394	31239002
HLA-C	3	393	31239003
HLA-C	3	392	31239004
HLA-C	3	391	31239005
HLA-C	3	390	31239006
HLA-C	3	389	31239007
HLA-C	3	388	31239008
HLA-C	3	387	31239009
HLA-C	3	386	31239010
HLA-C	3	385	31239011
HLA-C	3	384	31239012
HLA-C	3	383	31239013
HLA-C	3	382	31239014
HLA-C	3	381	31239015
HLA-C	3	380	31239016
HLA-C	3	379	31239017
HLA-C	3	378	31239018
HLA-C	3	377	31239019
HLA-C	3	376	31239020
HLA-C	3	375	31239021
HLA-C	3	374	31239022
HLA-C	3	373	31239023
HLA-C	3	372	31239024
HLA-C	3	371	31239025
HLA-C	3	370	31239026
HLA-C	3	369	31239027
HLA-C	3	368	31239028
HLA-C	3	367	31239029
HLA-C	3	366	31239030
HLA-C	3	365	31239031
HLA-C	3	364	31239032
HLA-C	3	363	31239033
HLA-C	3	362	31239034
HLA-C	3	361	31239035
HLA-C	3	360	31239036
HLA-C	3	359	31239037
HLA-C	3	358	31239038
HLA-C	3	357	31239039
HLA-C	3	356	31239040
HLA-C	3	355	31239041
HLA-C	3	354	31239042
HLA-C	3	353	31239043
HLA-C	3	352	31239044
HLA-C	3	351	31239045
HLA-C	3	350	31239046
HLA-C	3	349	31239047
HLA-C	3	348	31239048
HLA-C	3	347	31239049
HLA-C	3	346	31239050
HLA-C	3	345	31239051
HLA-C	3	344	31239052
HLA-C	3	343	31239053
HLA-C	3	342	31239054
HLA-C	3	341	31239055
HLA-C	3	340	31239056
HLA-C	3	339	31239057
HLA-C	3	338	31239058
HLA-C	3	337	31239059
HLA-C	3	336	31239060
HLA-C	3	335	31239061
HLA-C	3	334	31239062
HLA-C	3	333	31239063
HLA-C	3	332	31239064
HLA-C	3	331	31239065
HLA-C	3	330	31239066
HLA-C	3	329	31239067
HLA-C	3	328	31239068
HLA-C	3	327	31239069
HLA-C	3	326	31239070
HLA-C	3	325	31239071
HLA-C	3	324	31239072
HLA-C	3	323	31239073
HLA-C	3	322	31239074
HLA-C	3	321	31239075
HLA-C	3	320	31239076
HLA-C	3	319	31239077
HLA-C	3	318	31239078
HLA-C	3	317	31239079
HLA-C	3	316	31239080
HLA-C	3	315	31239081
HLA-C	3	314	31239082
HLA-C	3	313	31239083
HLA-C	3	312	31239084
HLA-C	3	311	31239085
HLA-C	3	310	31239086
HLA-C	3	309	31239087
HLA-C	3	308	31239088
HLA-C	3	307	31239089
HLA-C	3	306	31239090
HLA-C	3	305	31239091
HLA-C	3	304	31239092
HLA-C	3	303	31239093
HLA-C	3	302	31239094
HLA-C	3	301	31239095
HLA-C	3	300	31239096
HLA-C	3	299	31239097
HLA-C	3	298	31239098
HLA-C	3	297	31239099
HLA-C	3	296	31239100
HLA-C	3	295	31239101
HLA-C	3	294	31239102
HLA-C	3	293	31239103
HLA-C	3	292	31239104
HLA-C	3	291	31239105
HLA-C	3	290	31239106
HLA-C	3	289	31239107
HLA-C	3	288	31239108
HLA-C	3	287	31239109
HLA-C	3	286	31239110
HLA-C	3	285	31239111
HLA-C	3	284	31239112
HLA-C	3	283	31239113
HLA-C	3	282	31239114
HLA-C	3	281	31239115
HLA-C	3	280	31239116
HLA-C	3	279	31239117
HLA-C	3	278	31239118
HLA-C	3	277	31239119
HLA-C	3	276	31239120
HLA-C	3	275	31239121
HLA-C	3	274	31239122
HLA-C	3	273	31239123
HLA-C	3	272	31239124
HLA-C	3	271	31239125
HLA-C	2	270	31239376
HLA-C	2	269	31239377
HLA-C	2	268	31239378
HLA-C	2	267	31239379
HLA-C	2	266	31239380
HLA-C	2	265	31239381
HLA-C	2	264	31239382
HLA-C	2	263	31239383
HLA-C	2	262	31239384
HLA-C	2	261	31239385
HLA-C	2	260	31239386
HLA-C	2	259	31239387
HLA-C	2	258	31239388
HLA-C	2	257	31239389
HLA-C	2	256	31239390
HLA-C	2	255	31239391
HLA-C	2	254	31239392
HLA-C	2	253	31239393
HLA-C	2	252	31239394
HLA-C	2	251	31239395
HLA-C	2	250	31239396
HLA-C	2	249	31239397
HLA-C	2	248	31239398
HLA-C	2	247	31239399
HLA-C	2	246	31239400
HLA-C	2	245	31239401
HLA-C	2	244	31239402
HLA-C	2	243	31239403
HLA-C	2	242	31239404
HLA-C	2	241	31239405
HLA-C	2	240	31239406
HLA-C	2	239	31239407
HLA-C	2	238	31239408
HLA-C	2	237	31239409
HLA-C	2	236	31239410
HLA-C	2	235	31239411
HLA-C	2	234	31239412
HLA-C	2	233	31239413
HLA-C	2	232	31239414
HLA-C	2	231	31239415
HLA-C	2	230	31239416
HLA-C	2	229	31239417
HLA-C	2	228	31239418
HLA-C	2	227	31239419
HLA-C	2	226	31239420
HLA-C	2	225	31239421
HLA-C	2	224	31239422
HLA-C	2	223	31239423
HLA-C	2	222	31239424
HLA-C	2	221	31239425
HLA-C	2	220	31239426
HLA-C	2	219	31239427
HLA-C	2	218	31239428
HLA-C	2	217	31239429
HLA-C	2	216	31239430
HLA-C	2	215	31239431
HLA-C	2	214	31239432
HLA-C	2	213	31239433
HLA-C	2	212	31239434
HLA-C	2	211	31239435
HLA-C	2	210	31239436
HLA-C	2	209	31239437
HLA-C	2	208	31239438
HLA-C	2	207	31239439
HLA-C	2	206	31239440
HLA-C	2	205	31239441
HLA-C	2	204	31239442
HLA-C	2	203	31239443
HLA-C	2	202	31239444
HLA-C	2	201	31239445
HLA-C	2	200	31239446
HLA-C	2	199	31239447
HLA-C	2	198	31239448
HLA-C	2	197	31239449
HLA-C	2	196	31239450
HLA-C	2	195	31239451
HLA-C	2	194	31239452
HLA-C	2	193	31239453
HLA-C	2	192	31239454
HLA-C	2	191	31239455
HLA-C	2	190	31239456
HLA-C	2	189	31239457
HLA-C	2	188	31239458
HLA-C	2	187	31239459
HLA-C	2	186	31239460
HLA-C	2	185	31239461
HLA-C	2	184	31239462
HLA-C	2	183	31239463
HLA-C	2	182	31239464
HLA-C	2	181	31239465
HLA-C	2	180	31239466
HLA-C	2	179	31239467
HLA-C	2	178	31239468
HLA-C	2	177	31239469
HLA-C	2	176	31239470
HLA-C	2	175	31239471
HLA-C	2	174	31239472
HLA-C	2	173	31239473
HLA-C	2	172	31239474
HLA-C	2	171	31239475
HLA-C	2	170	31239476
HLA-C	2	169	31239477
HLA-C	2	168	31239478
HLA-C	2	167	31239479
HLA-C	2	166	31239480
HLA-C	2	165	31239481
HLA-C	2	164	31239482
HLA-C	2	163	31239483
HLA-C	2	162	31239484
HLA-C	2	161	31239485
HLA-C	2	160	31239486
HLA-C	2	159	31239487
HLA-C	2	158	31239488
HLA-C	2	157	31239489
HLA-C	2	156	31239490
HLA-C	2	155	31239491
HLA-C	2	154	31239492
HLA-C	2	153	31239493
HLA-C	2	152	31239494
HLA-C	2	151	31239495
HLA-C	2	150	31239496
HLA-C	2	149	31239497
HLA-C	2	148	31239498
HLA-C	2	147	31239499
HLA-C	2	146	31239500
HLA-C	2	145	31239501
HLA-C	2	144	31239502
HLA-C	2	143	31239503
HLA-C	2	142	31239504
HLA-C	2	141	31239505
HLA-C	2	140	31239506
HLA-C	2	139	31239507
HLA-C	2	138	31239508
HLA-C	2	137	31239509
HLA-C	2	136	31239510
HLA-C	2	135	31239511
HLA-C	2	134	31239512
HLA-C	2	133	31239513
HLA-C	2	132	31239514
HLA-C	2	131	31239515
HLA-C	2	130	31239516
HLA-C	2	129	31239517
HLA-C	2	128	31239518
HLA-C	2	127	31239519
HLA-C	2	126	31239520
HLA-C	2	125	31239521
HLA-C	2	124	31239522
HLA-C	2	123	31239523
HLA-C	2	122	31239524
HLA-C	2	121	31239525
HLA-C	2	120	31239526
HLA-C	2	119	31239527
HLA-C	2	118	31239528
HLA-C	2	117	31239529
HLA-C	2	116	31239530
HLA-C	2	115	31239531
HLA-C	2	114	31239532
HLA-C	2	113	31239533
HLA-C	2	112	31239534
HLA-C	2	111	31239535
HLA-C	2	110	31239536
HLA-C	2	109	31239537
HLA-C	2	108	31239538
HLA-C	2	107	31239539
HLA-C	2	106	31239540
HLA-C	2	105	31239541
HLA-C	2	104	31239542
HLA-C	2	103	31239543
HLA-C	2	102	31239544
HLA-C	2	101	31239545
HLA-C	2	100	31239546
HLA-C	2	99	31239547
HLA-C	2	98	31239548
HLA-C	2	97	31239549
HLA-C	2	96	31239550
HLA-C	2	95	31239551
HLA-C	2	94	31239552
HLA-C	2	93	31239553
HLA-C	2	92	31239554
HLA-C	2	91	31239555
HLA-C	2	90	31239556
HLA-C	2	89	31239557
HLA-C	2	88	31239558
HLA-C	2	87	31239559
HLA-C	2	86	31239560
HLA-C	2	85	31239561
HLA-C	2	84	31239562
HLA-C	2	83	31239563
HLA-C	2	82	31239564
HLA-C	2	81	31239565
HLA-C	2	80	31239566
HLA-C	2	79	31239567
HLA-C	2	78	31239568
HLA-C	2	77	31239569
HLA-C	2	76	31239570
HLA-C	2	75	31239571
HLA-C	2	74	31239572
HLA-C	2	73	31239573
HLA-C	2	72	31239574
HLA-C	2	71	31239575
HLA-C	2	70	31239576
HLA-C	2	69	31239577
HLA-C	2	68	31239578
HLA-C	2	67	31239579
HLA-C	2	66	31239580
HLA-C	2	65	31239581
HLA-C	2	64	31239582
HLA-C	2	63	31239583
HLA-C	2	62	31239584
HLA-C	2	61	31239585
HLA-C	2	60	31239586
HLA-C	2	59	31239587
HLA-C	2	58	31239588
HLA-C	2	57	31239589
HLA-C	2	56	31239590
HLA-C	2	55	31239591
HLA-C	2	54	31239592
HLA-C	2	53	31239593
HLA-C	2	52	31239594
HLA-C	2	51	31239595
HLA-C	2	50	31239596
HLA-C	2	49	31239597
HLA-C	2	48	31239598
HLA-C	2	47	31239599
HLA-C	2	46	31239600
HLA-C	2	45	31239601
HLA-C	2	44	31239602
HLA-C	2	43	31239603
HLA-C	2	42	31239604
HLA-C	2	41	31239605
HLA-C	2	40	31239606
HLA-C	2	39	31239607
HLA-C	2	38	31239608
HLA-C	2	37	31239609
HLA-C	2	36	31239610
HLA-C	2	35	31239611
HLA-C	2	34	31239612
HLA-C	2	33	31239613
HLA-C	2	32	31239614
HLA-C	2	31	31239615
HLA-C	2	30	31239616
HLA-C	2	29	31239617
HLA-C	2	28	31239618
HLA-C	2	27	31239619
HLA-C	2	26	31239620
HLA-C	2	25	31239621
HLA-C	2	24	31239622
HLA-C	2	23	31239623
HLA-C	2	22	31239624
HLA-C	2	21	31239625
HLA-C	2	20	31239626
HLA-C	2	19	31239627
HLA-C	2	18	31239628
HLA-C	2	17	31239629
HLA-C	2	16	31239630
HLA-C	2	15	31239631
HLA-C	2	14	31239632
HLA-C	2	13	31239633
HLA-C	2	12	31239634
HLA-C	2	11	31239635
HLA-C	2	10	31239636
HLA-C	2	9	31239637
HLA-C	2	8	31239638
HLA-C	2	7	31239639
HLA-C	2	6	31239640
HLA-C	2	5	31239641
HLA-C	2	4	31239642
HLA-C	2	3	31239643
HLA-C	2	2	31239644
HLA-C	2	1	31239645
